v0 = 1465437059.451 +- 465.5736622711989 Hz
Q0 = 15027.650496205 +- 138.75509608338803
k = 1.3890454579175002 +- 0.021720390264950495
