v0 = 499508430.2721738 +- 54.905023677573524 Hz
Q0 = 28582.281084782608 +- 1.7757571056101598
k = 1.06641694412 +- 7.09310940821772e-05
