v0 = 1464566309.1417391 +- 211.55974106696024 Hz
Q0 = 25279.11354944348 +- 13.520116580541629
k = 1.9737005915943482 +- 0.0008603743632684186
