v0 = 501034347.2347368 +- 10.894043348459839 Hz
Q0 = 31356.11882857895 +- 20.560682703670203
k = 1.7279888163042105 +- 0.001358403476436661
