v0 = 499507164.37525004 +- 116.57591316097346 Hz
Q0 = 29555.954559212503 +- 7.39051912178295
k = 1.0127458840634376 +- 0.0004218219307054279
