v0 = 508469769.4717826 +- 28.144545388144486 Hz
Q0 = 35445.171127356516 +- 3.318270079445942
k = 1.872854783345652 +- 7.705705156426136e-05
