v0 = 1459944463.4046152 +- 96.61927945209806 Hz
Q0 = 16043.006725826925 +- 7.74958531958477
k = 1.2776481133746151 +- 0.0011001744016566253
