v0 = 1046151298.2479998 +- 21.09677776436566 Hz
Q0 = 28439.033230513338 +- 11.100494362035752
k = 1.1685038946993334 +- 0.0007476611123374491
