v0 = 858507096.4256153 +- 50.19148452792172 Hz
Q0 = 35509.406696753846 +- 14.112616815117553
k = 2.3707021789223077 +- 0.00018800419484139903
