v0 = 862673388.4445883 +- 164.4677200875315 Hz
Q0 = 19598.557916964706 +- 43.37961162686635
k = 1.3036522429641177 +- 0.00348044892499969
