v0 = 508474450.052963 +- 42.458884935987946 Hz
Q0 = 35998.771191159256 +- 3.6381116061480268
k = 1.7629244602777776 +- 0.00010083160674868969
