v0 = 505238045.3982592 +- 20.82641014498374 Hz
Q0 = 32730.556502214815 +- 35.0732618118598
k = 2.1274352817096296 +- 0.006971685324801098
