v0 = 505238034.7612353 +- 16.72573906528448 Hz
Q0 = 32706.86807376471 +- 7.1981681965360025
k = 2.122216333445882 +- 0.0008519505661998151
