v0 = 1465084929.7099998 +- 137.02519683267212 Hz
Q0 = 12565.451726289475 +- 11.56821223860162
k = 1.1986261524052633 +- 0.0006594667173785813
