# Date: Fri Jun 19 17:32:16 2015
# Center: 499502700.0
# Span: 100000.0
# Points: 2001
# Real:	Imag:
0.7093849182128906	-0.4241875410079956
0.7093076705932617	-0.4242780804634094
0.7091248035430908	-0.42445963621139526
0.7089939713478088	-0.4245803654193878
0.7088857889175415	-0.4247223138809204
0.7087386250495911	-0.42487552762031555
0.7085587382316589	-0.42499488592147827
0.7084593176841736	-0.42517751455307007
0.7083341479301453	-0.4252946078777313
0.708225667476654	-0.42539605498313904
0.7079987525939941	-0.4255787432193756
0.7079062461853027	-0.4256865978240967
0.7077754139900208	-0.42583101987838745
0.7075601816177368	-0.4259675443172455
0.7074599266052246	-0.42610928416252136
0.7073556184768677	-0.4262583255767822
0.7071900367736816	-0.4263877272605896
0.7070705890655518	-0.42653995752334595
0.7068788409233093	-0.42666351795196533
0.7067698836326599	-0.426822692155838
0.7066371440887451	-0.42696401476860046
0.7064608931541443	-0.4270939826965332
0.7063350677490234	-0.42726022005081177
0.7062241435050964	-0.4274183213710785
0.706072986125946	-0.4275231957435608
0.7058759927749634	-0.4277052879333496
0.7057756185531616	-0.427834689617157
0.7056019306182861	-0.42795202136039734
0.7054412364959717	-0.4280990958213806
0.7053571939468384	-0.42826753854751587
0.7051866054534912	-0.42840221524238586
0.7050355076789856	-0.4284939765930176
0.704927384853363	-0.42868572473526
0.704763650894165	-0.4288283884525299
0.7045578360557556	-0.42896148562431335
0.7045027613639832	-0.4291347861289978
0.7042984366416931	-0.4292556643486023
0.7041453123092651	-0.4294029176235199
0.7040703892707825	-0.42954587936401367
0.7038572430610657	-0.42969363927841187
0.7037172913551331	-0.4298267662525177
0.7035719156265259	-0.4299412667751312
0.7034555077552795	-0.43012094497680664
0.7032570838928223	-0.43027034401893616
0.703120768070221	-0.4303959310054779
0.7029825448989868	-0.4306030571460724
0.7028461694717407	-0.43070608377456665
0.7026801109313965	-0.4308542013168335
0.7025355696678162	-0.43102768063545227
0.7024097442626953	-0.4311332106590271
0.7022145986557007	-0.43129369616508484
0.7020753026008606	-0.4314328134059906
0.7019110918045044	-0.4315864145755768
0.7017576694488525	-0.4317312240600586
0.7016098499298096	-0.43187254667282104
0.7014609575271606	-0.4320144057273865
0.701291024684906	-0.432211309671402
0.7011894583702087	-0.4323274791240692
0.7010378241539001	-0.43247276544570923
0.7008571028709412	-0.43261611461639404
0.7007148861885071	-0.432769775390625
0.700572669506073	-0.43289345502853394
0.7003780007362366	-0.43311265110969543
0.7002303600311279	-0.4331763684749603
0.7000882625579834	-0.4333995580673218
0.6999322175979614	-0.4335433840751648
0.699780285358429	-0.4336145520210266
0.6996564865112305	-0.43382689356803894
0.6994849443435669	-0.43390554189682007
0.6992917060852051	-0.4340406656265259
0.6991221904754639	-0.4342670738697052
0.6989432573318481	-0.43437516689300537
0.6988321542739868	-0.43454673886299133
0.6986633539199829	-0.43471500277519226
0.6985357999801636	-0.4348585307598114
0.6983515024185181	-0.4350385069847107
0.6982234120368958	-0.435177206993103
0.6980921626091003	-0.43529802560806274
0.6978839039802551	-0.43545231223106384
0.6977508664131165	-0.43559709191322327
0.6976001858711243	-0.4357452392578125
0.6973769068717957	-0.4359135031700134
0.6972310543060303	-0.4360734820365906
0.6970916390419006	-0.4361817240715027
0.6969221234321594	-0.43637681007385254
0.6967891454696655	-0.4364779591560364
0.6966013312339783	-0.43663573265075684
0.6964601874351501	-0.43681856989860535
0.6962722539901733	-0.4369646906852722
0.6961326003074646	-0.4371471703052521
0.6959657669067383	-0.4373069703578949
0.6958115100860596	-0.4373975098133087
0.695651650428772	-0.4375772774219513
0.6955001354217529	-0.4376968443393707
0.6952789425849915	-0.43788400292396545
0.6950819492340088	-0.43802711367607117
0.6949483752250671	-0.43818485736846924
0.6948049664497375	-0.4382917881011963
0.6946056485176086	-0.4384942948818207
0.6944507360458374	-0.43866562843322754
0.6942834854125977	-0.4388173222541809
0.6940900087356567	-0.43892091512680054
0.6939684748649597	-0.43910735845565796
0.6937753558158875	-0.4392552971839905
0.6936118006706238	-0.4394284188747406
0.6934875845909119	-0.439588725566864
0.6933220624923706	-0.4397105574607849
0.6931071877479553	-0.4399031400680542
0.6929417252540588	-0.440010666847229
0.6927624940872192	-0.44018977880477905
0.6926005482673645	-0.44035306572914124
0.6924430131912231	-0.44051045179367065
0.6922662258148193	-0.44059857726097107
0.6920661926269531	-0.44087135791778564
0.6919514536857605	-0.4409516155719757
0.6917625069618225	-0.4411119818687439
0.6915802955627441	-0.44129976630210876
0.6913988590240479	-0.44143199920654297
0.6912811398506165	-0.4415903687477112
0.6910420656204224	-0.44174984097480774
0.6908968091011047	-0.4419049620628357
0.6907110810279846	-0.4420781135559082
0.6905055046081543	-0.4422074556350708
0.69032883644104	-0.4423646032810211
0.6902145147323608	-0.4425185024738312
0.6899615526199341	-0.44270050525665283
0.6898112893104553	-0.44287121295928955
0.6896610260009766	-0.44295063614845276
0.6894363760948181	-0.4431648552417755
0.6892833709716797	-0.4432849586009979
0.6891268491744995	-0.4435199499130249
0.688948929309845	-0.4436151385307312
0.6887778639793396	-0.4437837302684784
0.6885849237442017	-0.44392111897468567
0.6884297132492065	-0.4440794587135315
0.6882107853889465	-0.4442799389362335
0.6880828738212585	-0.44444575905799866
0.6878889799118042	-0.444601833820343
0.6876502633094788	-0.4447820484638214
0.6875013113021851	-0.44491150975227356
0.6873136758804321	-0.44507718086242676
0.6871358752250671	-0.445191353559494
0.6869653463363647	-0.44539114832878113
0.6867780089378357	-0.445540189743042
0.6865735054016113	-0.44570833444595337
0.6864026188850403	-0.4459202289581299
0.6862196326255798	-0.4460263252258301
0.6860325336456299	-0.4461865723133087
0.6858449578285217	-0.4463428556919098
0.6856247186660767	-0.44654199481010437
0.6854936480522156	-0.4466714859008789
0.685268759727478	-0.4468919038772583
0.685096800327301	-0.4470105767250061
0.6849387884140015	-0.44717445969581604
0.6847440004348755	-0.44736769795417786
0.6845268607139587	-0.4474814534187317
0.6843178868293762	-0.44763869047164917
0.6841590404510498	-0.4478166699409485
0.6839889883995056	-0.44800806045532227
0.6837570071220398	-0.44814857840538025
0.6835906505584717	-0.44833579659461975
0.6833915710449219	-0.4485006034374237
0.6831576824188232	-0.4486427307128906
0.6830039024353027	-0.4487946331501007
0.6828567981719971	-0.4489534795284271
0.6826059222221375	-0.44914180040359497
0.6824145913124084	-0.44928011298179626
0.6822824478149414	-0.44945961236953735
0.6820328235626221	-0.4496381878852844
0.681850016117096	-0.4497901201248169
0.6816948652267456	-0.44995224475860596
0.6814649701118469	-0.45015764236450195
0.6812684535980225	-0.45027509331703186
0.68108069896698	-0.45044001936912537
0.6809262633323669	-0.45061537623405457
0.6806931495666504	-0.4508056640625
0.6804938316345215	-0.4509611427783966
0.6802936792373657	-0.4510972201824188
0.6800895929336548	-0.45129096508026123
0.6799209713935852	-0.45145994424819946
0.6797163486480713	-0.4515882730484009
0.6794929504394531	-0.45179715752601624
0.6793230175971985	-0.45193102955818176
0.6791167259216309	-0.4520801901817322
0.678896963596344	-0.45228874683380127
0.6787019968032837	-0.45247218012809753
0.6785231232643127	-0.4526017904281616
0.678305983543396	-0.45278123021125793
0.6781166791915894	-0.452936053276062
0.6778900027275085	-0.4531014561653137
0.6776838898658752	-0.45329248905181885
0.6774336099624634	-0.45344123244285583
0.6772793531417847	-0.4536454975605011
0.6770564317703247	-0.4537851810455322
0.6768779754638672	-0.4539315104484558
0.6766612529754639	-0.4541310966014862
0.6764642000198364	-0.45426511764526367
0.6762256026268005	-0.4545027017593384
0.6760404109954834	-0.454635351896286
0.6758472323417664	-0.4547816514968872
0.6755985021591187	-0.4549538493156433
0.6754762530326843	-0.4551517069339752
0.675245463848114	-0.4552764296531677
0.6749974489212036	-0.4555079936981201
0.674784779548645	-0.45562753081321716
0.6745874881744385	-0.4558115601539612
0.6743437647819519	-0.45602256059646606
0.674146294593811	-0.45619115233421326
0.6739331483840942	-0.4563385248184204
0.6737234592437744	-0.45651277899742126
0.673505425453186	-0.4566743075847626
0.6732985973358154	-0.456858366727829
0.6730798482894897	-0.457014799118042
0.6728397607803345	-0.4571802616119385
0.6726753115653992	-0.45737749338150024
0.672475278377533	-0.45752203464508057
0.6722297668457031	-0.45770686864852905
0.671992838382721	-0.4579078257083893
0.6718345284461975	-0.4580457806587219
0.6715953350067139	-0.4582170844078064
0.671358585357666	-0.4583602547645569
0.6711217164993286	-0.4585822522640228
0.6709335446357727	-0.45873644948005676
0.6706887483596802	-0.458918958902359
0.6705108880996704	-0.45907050371170044
0.6702592968940735	-0.45926472544670105
0.6700839996337891	-0.45944517850875854
0.6698079705238342	-0.4596174955368042
0.6696212887763977	-0.459770143032074
0.6693962812423706	-0.45996662974357605
0.6691380143165588	-0.4601326882839203
0.6689485907554626	-0.46030664443969727
0.6687331199645996	-0.46047335863113403
0.668475866317749	-0.46069175004959106
0.6682764291763306	-0.4608500897884369
0.6680401563644409	-0.4610092341899872
0.6678181886672974	-0.46120697259902954
0.6676127314567566	-0.4613456428050995
0.6673228740692139	-0.461536169052124
0.6671042442321777	-0.46171697974205017
0.6668806076049805	-0.4618723392486572
0.6667048931121826	-0.4620612561702728
0.6664624214172363	-0.4622538983821869
0.6662276983261108	-0.4624248445034027
0.6659654378890991	-0.46261364221572876
0.6657575964927673	-0.46276694536209106
0.6655182242393494	-0.4629659950733185
0.6653131246566772	-0.46312716603279114
0.6650519371032715	-0.4632934331893921
0.6648215651512146	-0.4634771943092346
0.6646007895469666	-0.4636787176132202
0.6643757224082947	-0.4638567864894867
0.6641297340393066	-0.464063823223114
0.6639054417610168	-0.464169979095459
0.6636792421340942	-0.4643974006175995
0.6634209156036377	-0.4645572304725647
0.6631942987442017	-0.4647336006164551
0.6629553437232971	-0.4649354815483093
0.6626753211021423	-0.4650934934616089
0.6624641418457031	-0.46524715423583984
0.6622041463851929	-0.4654669165611267
0.6619579195976257	-0.465640127658844
0.661754846572876	-0.4658093750476837
0.6615183353424072	-0.4659777283668518
0.6612758636474609	-0.46615248918533325
0.6610022187232971	-0.4663389027118683
0.6607640385627747	-0.4665120244026184
0.6605279445648193	-0.46669450402259827
0.6602871417999268	-0.4668903350830078
0.6600555181503296	-0.4670541286468506
0.6597819924354553	-0.46722668409347534
0.6595597267150879	-0.4674336910247803
0.6593363881111145	-0.4676377475261688
0.6590851545333862	-0.4677678048610687
0.6588419079780579	-0.46800464391708374
0.6585988998413086	-0.46815556287765503
0.6583437919616699	-0.4683327078819275
0.6580381393432617	-0.4685375690460205
0.6578314304351807	-0.4687176048755646
0.6575709581375122	-0.4688715636730194
0.6573001146316528	-0.4690864682197571
0.6571005582809448	-0.46926063299179077
0.6568121314048767	-0.4694335162639618
0.6565552949905396	-0.46959367394447327
0.6562696099281311	-0.4697948098182678
0.6560574173927307	-0.4699721038341522
0.6557881236076355	-0.47015467286109924
0.6555293202400208	-0.4703619182109833
0.6552805304527283	-0.47051626443862915
0.6550292372703552	-0.47070038318634033
0.6547433733940125	-0.4708664119243622
0.654517412185669	-0.47109293937683105
0.6542441844940186	-0.4712883532047272
0.653999924659729	-0.4714803993701935
0.6537224650382996	-0.47162267565727234
0.6534311175346375	-0.47185996174812317
0.6532267332077026	-0.4719848930835724
0.6529360413551331	-0.47220492362976074
0.6526539325714111	-0.47238919138908386
0.6524227261543274	-0.4725642502307892
0.6521684527397156	-0.47273796796798706
0.6518951654434204	-0.47294649481773376
0.6516208052635193	-0.4731658697128296
0.6513392925262451	-0.4733300805091858
0.6510725021362305	-0.4735230505466461
0.6508289575576782	-0.47367116808891296
0.650565505027771	-0.47390297055244446
0.6502613425254822	-0.4740579128265381
0.6500276923179626	-0.47421208024024963
0.6497356295585632	-0.4744214415550232
0.649476945400238	-0.4746057391166687
0.6492195725440979	-0.47479528188705444
0.6489567756652832	-0.4750097393989563
0.6486795544624329	-0.4751884639263153
0.6484026908874512	-0.4753890931606293
0.6481666564941406	-0.4755803048610687
0.6478514075279236	-0.47572535276412964
0.6475747227668762	-0.47592687606811523
0.6473208665847778	-0.4761321544647217
0.646988034248352	-0.4762646555900574
0.6467190980911255	-0.476499080657959
0.6464727520942688	-0.47671040892601013
0.6461755037307739	-0.4769030213356018
0.645868182182312	-0.477062851190567
0.6456542015075684	-0.47725433111190796
0.6453345417976379	-0.4774186611175537
0.6450159549713135	-0.47763416171073914
0.6447820663452148	-0.47781503200531006
0.6445199251174927	-0.4779626131057739
0.6442036628723145	-0.4782102406024933
0.6439092755317688	-0.4783983826637268
0.6436675190925598	-0.4785679578781128
0.6433241367340088	-0.4787549674510956
0.6430712342262268	-0.4789428412914276
0.6428462266921997	-0.47915932536125183
0.6424919962882996	-0.4793493449687958
0.6421908736228943	-0.47950562834739685
0.6419203281402588	-0.4797234833240509
0.6416535377502441	-0.47987908124923706
0.6413370370864868	-0.4800875186920166
0.6410624384880066	-0.4802987575531006
0.6407625675201416	-0.4804675579071045
0.6404237747192383	-0.48071369528770447
0.6401875615119934	-0.4808613061904907
0.6399028301239014	-0.481047123670578
0.6395263075828552	-0.4812301695346832
0.6393049359321594	-0.4814709424972534
0.6390016078948975	-0.4816342294216156
0.6386576294898987	-0.48184072971343994
0.6383827328681946	-0.4820328950881958
0.6380969285964966	-0.4822244942188263
0.6377420425415039	-0.4824583828449249
0.6374787092208862	-0.4826039671897888
0.6371567249298096	-0.4828043282032013
0.6368497610092163	-0.4829511046409607
0.636544406414032	-0.48316627740859985
0.636263906955719	-0.48339027166366577
0.6359623074531555	-0.4835818409919739
0.6356089115142822	-0.4837644398212433
0.6353796720504761	-0.4839518964290619
0.6350381374359131	-0.4841412603855133
0.6347460150718689	-0.4843287467956543
0.6344543695449829	-0.4845217764377594
0.6341471672058105	-0.4847225546836853
0.6337500810623169	-0.4849066436290741
0.633500337600708	-0.4851154088973999
0.6331429481506348	-0.4853051006793976
0.6328436732292175	-0.4855411648750305
0.6325295567512512	-0.48569899797439575
0.6322062015533447	-0.4858870506286621
0.6319378018379211	-0.4860922396183014
0.6315886974334717	-0.4862767457962036
0.6313248872756958	-0.48648643493652344
0.6309444904327393	-0.4866865277290344
0.6306756138801575	-0.48687300086021423
0.6303766965866089	-0.4870602488517761
0.6300278306007385	-0.4872640073299408
0.6296883821487427	-0.4874423146247864
0.6293759346008301	-0.4876856803894043
0.6290496587753296	-0.4878574013710022
0.6287325620651245	-0.4880237877368927
0.6284245848655701	-0.48827263712882996
0.628089189529419	-0.4884147644042969
0.6277074813842773	-0.4886397421360016
0.6274539232254028	-0.4888158142566681
0.6271507143974304	-0.4890289008617401
0.6267373561859131	-0.48924487829208374
0.6264572143554688	-0.4894660711288452
0.6261305212974548	-0.4895899295806885
0.6257570385932922	-0.4898054897785187
0.6254170536994934	-0.49005404114723206
0.6250990629196167	-0.4902448058128357
0.6247653961181641	-0.4903737008571625
0.6244051456451416	-0.4905927777290344
0.624085009098053	-0.4908038079738617
0.6237437725067139	-0.4910396337509155
0.6234195232391357	-0.4911770224571228
0.6230753660202026	-0.49139493703842163
0.6227673292160034	-0.49159806966781616
0.622369110584259	-0.49179449677467346
0.6220513582229614	-0.4920094311237335
0.6217342615127563	-0.49218904972076416
0.6213893890380859	-0.49236518144607544
0.6210395097732544	-0.49259617924690247
0.6207336783409119	-0.4927409291267395
0.6203393936157227	-0.4929639399051666
0.6199741363525391	-0.4931923747062683
0.6196602582931519	-0.4933733344078064
0.6192737817764282	-0.4935762286186218
0.6189650297164917	-0.49374493956565857
0.6185871362686157	-0.4939793646335602
0.6182114481925964	-0.494191437959671
0.6179372668266296	-0.49435895681381226
0.617540180683136	-0.4945652484893799
0.617181658744812	-0.4947732388973236
0.6168415546417236	-0.4949813783168793
0.616464376449585	-0.4951685965061188
0.616102933883667	-0.4953981935977936
0.6157503128051758	-0.4956080913543701
0.6153562068939209	-0.49578094482421875
0.6150341629981995	-0.495959609746933
0.6146589517593384	-0.4961755871772766
0.6143108010292053	-0.4963599443435669
0.613974928855896	-0.49661046266555786
0.6135791540145874	-0.49678316712379456
0.6132190823554993	-0.4969925284385681
0.6128508448600769	-0.4971492886543274
0.6124749183654785	-0.4973607063293457
0.612151026725769	-0.4975878894329071
0.6117674708366394	-0.49776068329811096
0.6113566756248474	-0.49795201420783997
0.6109821200370789	-0.49819257855415344
0.6106109023094177	-0.49835631251335144
0.6102397441864014	-0.4985599219799042
0.6098771691322327	-0.49877017736434937
0.6095491647720337	-0.49897173047065735
0.6091691255569458	-0.49918434023857117
0.6087366938591003	-0.49935048818588257
0.6083791255950928	-0.49958938360214233
0.6080223917961121	-0.49974358081817627
0.6075699925422668	-0.4999874234199524
0.6072489023208618	-0.5001859664916992
0.6068838834762573	-0.5003377795219421
0.6064459085464478	-0.5005971789360046
0.6060919761657715	-0.5008041858673096
0.6056971549987793	-0.5009962916374207
0.6052990555763245	-0.501164972782135
0.6049293875694275	-0.5013957023620605
0.6045335531234741	-0.5015926957130432
0.6041581034660339	-0.5017985701560974
0.6037624478340149	-0.5020290017127991
0.6033754348754883	-0.5021858811378479
0.6029676198959351	-0.502391517162323
0.6025853157043457	-0.5025766491889954
0.602191686630249	-0.5027917623519897
0.6017977595329285	-0.5030088424682617
0.6013603806495667	-0.503167986869812
0.6009829044342041	-0.503425657749176
0.6005653738975525	-0.5036070942878723
0.6001641154289246	-0.5038135051727295
0.5997869968414307	-0.5040155053138733
0.5993807315826416	-0.5042051672935486
0.5989629626274109	-0.50436931848526
0.59853595495224	-0.5046281218528748
0.5981453657150269	-0.5047940015792847
0.5977107286453247	-0.504994809627533
0.5973352193832397	-0.5052092671394348
0.5969484448432922	-0.5054327845573425
0.5965343713760376	-0.5056108236312866
0.5960754156112671	-0.5058062076568604
0.5957195162773132	-0.5059811472892761
0.5953019261360168	-0.5062248110771179
0.5948520302772522	-0.5064303278923035
0.5944870710372925	-0.5066525936126709
0.5940519571304321	-0.5068377256393433
0.5935856103897095	-0.507034420967102
0.5931605100631714	-0.5072565078735352
0.5927901268005371	-0.5074107646942139
0.592332661151886	-0.5076397657394409
0.591917872428894	-0.5078722834587097
0.5915073156356812	-0.5080411434173584
0.5910617709159851	-0.5082453489303589
0.5906821489334106	-0.5084580183029175
0.5902118682861328	-0.508632242679596
0.5897517800331116	-0.5088305473327637
0.5893657207489014	-0.5090684294700623
0.5889076590538025	-0.5092175006866455
0.588438868522644	-0.5095003843307495
0.588064432144165	-0.5096665024757385
0.5875842571258545	-0.5098637342453003
0.5871555209159851	-0.5100225806236267
0.5867260694503784	-0.5102564096450806
0.5862467885017395	-0.5104401707649231
0.5858481526374817	-0.5106260776519775
0.5853618383407593	-0.510839581489563
0.5849606394767761	-0.5110323429107666
0.5845266580581665	-0.5112450122833252
0.5840471982955933	-0.5114349126815796
0.5836021304130554	-0.5116549134254456
0.5831539630889893	-0.5118542313575745
0.5826953649520874	-0.5120177268981934
0.5822721123695374	-0.5122675895690918
0.581798255443573	-0.5124427676200867
0.5813313126564026	-0.5126413106918335
0.5809006690979004	-0.5128334164619446
0.5804296135902405	-0.513042688369751
0.5799828171730042	-0.5132609605789185
0.5795047283172607	-0.5134345889091492
0.579073965549469	-0.5136558413505554
0.578572690486908	-0.5138511657714844
0.5780869722366333	-0.5140529274940491
0.577673614025116	-0.5143130421638489
0.5771700739860535	-0.5144384503364563
0.5767151117324829	-0.5146826505661011
0.5762732625007629	-0.5148562788963318
0.5757780075073242	-0.5150177478790283
0.5752809047698975	-0.5152466893196106
0.5748535394668579	-0.5154354572296143
0.5743330121040344	-0.5156526565551758
0.5738769769668579	-0.5158544182777405
0.5734102129936218	-0.5160383582115173
0.5729353427886963	-0.5162197351455688
0.5724804997444153	-0.5164365172386169
0.5719262361526489	-0.5166541337966919
0.5715212225914001	-0.5168238282203674
0.5709981918334961	-0.5169841647148132
0.5704942345619202	-0.5172125697135925
0.5700511336326599	-0.517419695854187
0.5695411562919617	-0.5175934433937073
0.5690510272979736	-0.5178265571594238
0.5685766935348511	-0.5179861187934875
0.5680369138717651	-0.5182176828384399
0.5675413608551025	-0.5184365510940552
0.567061185836792	-0.5186169743537903
0.5665614604949951	-0.5188126564025879
0.5660519599914551	-0.5190134048461914
0.5656099319458008	-0.5192193388938904
0.5650944709777832	-0.5193939208984375
0.5645431876182556	-0.5196113586425781
0.5640713572502136	-0.519790768623352
0.5635706782341003	-0.5200043320655823
0.5630558729171753	-0.5201994180679321
0.5625365972518921	-0.520363986492157
0.5620560050010681	-0.520531952381134
0.5615402460098267	-0.5207937359809875
0.5609915852546692	-0.5209634900093079
0.5604749321937561	-0.5211694240570068
0.559972882270813	-0.5213507413864136
0.5594831109046936	-0.5215216875076294
0.5589324235916138	-0.5217190980911255
0.5583991408348083	-0.5218891501426697
0.5579002499580383	-0.5220868587493896
0.5573498010635376	-0.5223144888877869
0.5568031072616577	-0.5225169062614441
0.5562761425971985	-0.5227024555206299
0.5557703971862793	-0.5228965282440186
0.5552328824996948	-0.5230699181556702
0.5547058582305908	-0.5232803821563721
0.5541588068008423	-0.5234732627868652
0.5536357760429382	-0.5236377120018005
0.553130567073822	-0.5238271355628967
0.5525581240653992	-0.5240191221237183
0.5520115494728088	-0.5241926312446594
0.551505446434021	-0.5244173407554626
0.5509246587753296	-0.5245883464813232
0.5503935217857361	-0.524785578250885
0.549856424331665	-0.5249537229537964
0.5492845177650452	-0.5251898765563965
0.5487501621246338	-0.5253328084945679
0.5482286810874939	-0.5255371928215027
0.547637403011322	-0.5256979465484619
0.5471224188804626	-0.5258870720863342
0.5465667247772217	-0.5260978937149048
0.5459588766098022	-0.5262798070907593
0.5454080104827881	-0.5264610648155212
0.5448316335678101	-0.5266408324241638
0.5442836284637451	-0.526837944984436
0.5437360405921936	-0.5269982218742371
0.5431638360023499	-0.5272296667098999
0.5426076054573059	-0.5274035334587097
0.5420445799827576	-0.5275799632072449
0.5414552688598633	-0.5277678966522217
0.5408479571342468	-0.5279666185379028
0.540324330329895	-0.5281620025634766
0.5397217273712158	-0.528330385684967
0.539138913154602	-0.5285083651542664
0.5385624170303345	-0.5286852121353149
0.5379568338394165	-0.528865396976471
0.5373764038085938	-0.5290247201919556
0.5367913842201233	-0.529192328453064
0.5362455248832703	-0.5294209718704224
0.535588800907135	-0.5296179056167603
0.5350141525268555	-0.5297934412956238
0.534417450428009	-0.5299118161201477
0.5338121652603149	-0.5301200747489929
0.5332120656967163	-0.5303174257278442
0.5326410531997681	-0.5304535627365112
0.5320661067962646	-0.5306559801101685
0.5314198136329651	-0.5308363437652588
0.5308379530906677	-0.5309756994247437
0.5302460193634033	-0.5311791300773621
0.5295982360839844	-0.5313751697540283
0.5290331840515137	-0.5315524339675903
0.5283767580986023	-0.5317541360855103
0.5277549624443054	-0.5318892002105713
0.5272259712219238	-0.5320115089416504
0.5265366435050964	-0.5322425961494446
0.5259014368057251	-0.5323584675788879
0.5253170728683472	-0.5325748324394226
0.5246813297271729	-0.5327161550521851
0.5240464210510254	-0.5328902006149292
0.5234584212303162	-0.5330707430839539
0.5228036046028137	-0.5332489609718323
0.5221774578094482	-0.5334376692771912
0.5215896964073181	-0.5335738062858582
0.5208958387374878	-0.5337710380554199
0.5202484130859375	-0.5339087247848511
0.5195973515510559	-0.5340653657913208
0.5190461874008179	-0.5342569351196289
0.5183618068695068	-0.5343843698501587
0.5177203416824341	-0.5345852971076965
0.5170707106590271	-0.5347546339035034
0.5164477229118347	-0.5349234938621521
0.5157739520072937	-0.5350778698921204
0.5151705741882324	-0.5352553129196167
0.5144941806793213	-0.5354388952255249
0.5137807726860046	-0.5355762243270874
0.5131491422653198	-0.5357418060302734
0.5125449895858765	-0.5358508825302124
0.5118365287780762	-0.5360607504844666
0.5111925601959229	-0.5362093448638916
0.5105333924293518	-0.5363637804985046
0.509827196598053	-0.536506712436676
0.509171724319458	-0.5366763472557068
0.5085163712501526	-0.536815345287323
0.5078105926513672	-0.5370172262191772
0.5071492195129395	-0.5371469855308533
0.5064407587051392	-0.5372840762138367
0.5057563185691833	-0.5375037789344788
0.5051153302192688	-0.537583589553833
0.5044040083885193	-0.53775954246521
0.5037292242050171	-0.5379003882408142
0.5030415058135986	-0.5380688309669495
0.5023511648178101	-0.5381906032562256
0.5016716718673706	-0.5383262634277344
0.500951886177063	-0.5384806394577026
0.5002514123916626	-0.5386171340942383
0.49955248832702637	-0.5387872457504272
0.4988546073436737	-0.538911759853363
0.498130202293396	-0.5390568971633911
0.49741536378860474	-0.5391979217529297
0.4967459738254547	-0.539344072341919
0.49606144428253174	-0.5394712686538696
0.49535298347473145	-0.5396405458450317
0.49460405111312866	-0.539788007736206
0.4938938021659851	-0.5398894548416138
0.49316906929016113	-0.5400570631027222
0.49241942167282104	-0.5401779413223267
0.4917360544204712	-0.5403273701667786
0.4910128712654114	-0.5404634475708008
0.49028095602989197	-0.540593147277832
0.4895707070827484	-0.5406805276870728
0.4888469874858856	-0.5408325791358948
0.48810216784477234	-0.5410006046295166
0.48732221126556396	-0.5411278605461121
0.48662206530570984	-0.541227400302887
0.4858846068382263	-0.5413857698440552
0.48512208461761475	-0.5415598154067993
0.48444268107414246	-0.5416574478149414
0.48366108536720276	-0.5417489409446716
0.482855886220932	-0.5418885946273804
0.48211151361465454	-0.5419997572898865
0.48137742280960083	-0.5421185493469238
0.480557918548584	-0.5422382950782776
0.4797940254211426	-0.5423763394355774
0.4790656864643097	-0.5424668788909912
0.47828352451324463	-0.542595624923706
0.4775606691837311	-0.5426938533782959
0.47676533460617065	-0.5428115725517273
0.47600358724594116	-0.5429610013961792
0.47530147433280945	-0.5430921912193298
0.47447749972343445	-0.5431354641914368
0.4737035632133484	-0.543303906917572
0.47291800379753113	-0.5433712005615234
0.4721519351005554	-0.5435366630554199
0.47134530544281006	-0.5435981750488281
0.47055724263191223	-0.5436950922012329
0.4697861969470978	-0.5437871813774109
0.4689801335334778	-0.5438947677612305
0.4681846499443054	-0.543994128704071
0.4673765003681183	-0.5441185832023621
0.46657490730285645	-0.544212281703949
0.4657959043979645	-0.544323205947876
0.4649410843849182	-0.5444144606590271
0.4641594886779785	-0.5445048213005066
0.46332648396492004	-0.5446084141731262
0.46252721548080444	-0.5447070598602295
0.46172019839286804	-0.5447616577148438
0.4609196186065674	-0.5448750853538513
0.460051566362381	-0.5449628829956055
0.45927250385284424	-0.5450636148452759
0.45842114090919495	-0.5451154708862305
0.45759665966033936	-0.545220673084259
0.4567999243736267	-0.5453265905380249
0.4559493064880371	-0.5453720688819885
0.4551367163658142	-0.5454264879226685
0.4542500078678131	-0.5455278158187866
0.4534527659416199	-0.545598566532135
0.45260146260261536	-0.5456891059875488
0.45175042748451233	-0.5457608699798584
0.45090964436531067	-0.5458387732505798
0.4499974548816681	-0.5459006428718567
0.44918596744537354	-0.5459796786308289
0.44835764169692993	-0.5460543036460876
0.4474792778491974	-0.5460920929908752
0.44659915566444397	-0.5461999773979187
0.44572460651397705	-0.5462429523468018
0.44490018486976624	-0.5462814569473267
0.4440532922744751	-0.5463484525680542
0.4431610405445099	-0.5464053153991699
0.44226381182670593	-0.5464305877685547
0.44139984250068665	-0.5464954972267151
0.44048669934272766	-0.5465942621231079
0.4396199584007263	-0.5466375350952148
0.4387718737125397	-0.5466541051864624
0.4378449320793152	-0.5467159748077393
0.4369749128818512	-0.5467885136604309
0.43611404299736023	-0.5468072295188904
0.43520045280456543	-0.5468500852584839
0.4342970550060272	-0.5468940138816833
0.4334140419960022	-0.5469419956207275
0.43247219920158386	-0.5469594597816467
0.4315986931324005	-0.5470173358917236
0.43070846796035767	-0.547028124332428
0.42975926399230957	-0.5470528602600098
0.4288765788078308	-0.5471038222312927
0.4279065728187561	-0.5471558570861816
0.4270320534706116	-0.5471431016921997
0.42609018087387085	-0.5471435785293579
0.4251631796360016	-0.5471575856208801
0.42422688007354736	-0.547205924987793
0.42332664132118225	-0.5472186207771301
0.42238274216651917	-0.547221302986145
0.42146337032318115	-0.5472511053085327
0.42049556970596313	-0.5472522974014282
0.419538676738739	-0.5472838282585144
0.4186599552631378	-0.5472950339317322
0.41765788197517395	-0.5472735166549683
0.41673544049263	-0.5472669005393982
0.4157659411430359	-0.5472906231880188
0.4148136079311371	-0.5472442507743835
0.4139001667499542	-0.5472602844238281
0.412900447845459	-0.5472512245178223
0.4119689464569092	-0.5472381711006165
0.41095900535583496	-0.547258734703064
0.4099874794483185	-0.5472481846809387
0.4090261459350586	-0.5472216010093689
0.4080166816711426	-0.5471925735473633
0.40709179639816284	-0.5472029447555542
0.4061117172241211	-0.547154426574707
0.40512919425964355	-0.5471014976501465
0.40411317348480225	-0.5470719933509827
0.4031528830528259	-0.5470589399337769
0.40216243267059326	-0.547025740146637
0.4011538326740265	-0.5469764471054077
0.4001689553260803	-0.5469086170196533
0.39912423491477966	-0.5468924641609192
0.3981173634529114	-0.5468543767929077
0.3971519470214844	-0.5468181371688843
0.39609602093696594	-0.5467918515205383
0.39512109756469727	-0.5467275381088257
0.39414459466934204	-0.5466736555099487
0.3931025266647339	-0.546583890914917
0.3920683264732361	-0.5465779304504395
0.39103570580482483	-0.5464627742767334
0.39002278447151184	-0.5464182496070862
0.3889995515346527	-0.5463090538978577
0.3879587650299072	-0.5462682843208313
0.38690149784088135	-0.5461992025375366
0.3859061300754547	-0.546125054359436
0.38485318422317505	-0.5460320711135864
0.3838386535644531	-0.5459738969802856
0.38277918100357056	-0.545863926410675
0.3817264437675476	-0.5458077192306519
0.38073647022247314	-0.5456382632255554
0.3795723617076874	-0.5455908179283142
0.3785194754600525	-0.5455126762390137
0.37751513719558716	-0.545362651348114
0.3763982653617859	-0.5452883243560791
0.3753642141819	-0.545142650604248
0.37430012226104736	-0.5450822114944458
0.3732057213783264	-0.5449190139770508
0.37211209535598755	-0.5448325872421265
0.37109407782554626	-0.5447334051132202
0.36999309062957764	-0.5446121692657471
0.36887726187705994	-0.5444888472557068
0.36782723665237427	-0.5443320870399475
0.3667266368865967	-0.5441943407058716
0.36555349826812744	-0.5440884828567505
0.36449018120765686	-0.543944239616394
0.36337006092071533	-0.5438255667686462
0.3623213768005371	-0.5436611175537109
0.3612312376499176	-0.5435106158256531
0.3600766062736511	-0.5433650612831116
0.3589894771575928	-0.543228268623352
0.35786938667297363	-0.543039083480835
0.3567931652069092	-0.542858362197876
0.35563474893569946	-0.5427031517028809
0.35454872250556946	-0.5425354838371277
0.35340163111686707	-0.5423688888549805
0.3522154688835144	-0.5422269701957703
0.3511247932910919	-0.5420281291007996
0.3499975800514221	-0.5418515205383301
0.3488774299621582	-0.5416055917739868
0.3477328419685364	-0.5414643883705139
0.34658968448638916	-0.5412429571151733
0.34546035528182983	-0.5410491228103638
0.3442888557910919	-0.5408583879470825
0.34310123324394226	-0.5406471490859985
0.34203267097473145	-0.5403929948806763
0.3408427834510803	-0.540209949016571
0.3396787643432617	-0.5400218963623047
0.3385012447834015	-0.5397564172744751
0.3373749554157257	-0.5395575761795044
0.33619624376296997	-0.5392777323722839
0.33500367403030396	-0.539027988910675
0.3338555097579956	-0.5388084650039673
0.3326824903488159	-0.5385863780975342
0.33144086599349976	-0.5382876992225647
0.3303177058696747	-0.5380801558494568
0.329082190990448	-0.5378222465515137
0.3279381990432739	-0.5375597476959229
0.3267231583595276	-0.537279486656189
0.3255194425582886	-0.5370516180992126
0.3243696689605713	-0.5367593765258789
0.32311031222343445	-0.5364575982093811
0.32194551825523376	-0.5361689329147339
0.32071077823638916	-0.5359213948249817
0.3194625973701477	-0.5356268882751465
0.31831949949264526	-0.5352961421012878
0.3170735239982605	-0.5350316166877747
0.31586164236068726	-0.5346873998641968
0.3146488666534424	-0.5343460440635681
0.3134990334510803	-0.5341004133224487
0.3121872842311859	-0.5337680578231812
0.3110007643699646	-0.5334023833274841
0.3097674548625946	-0.5331097841262817
0.3085513710975647	-0.5327817797660828
0.30729490518569946	-0.5324094295501709
0.3061165511608124	-0.5321016311645508
0.3048689365386963	-0.5317271947860718
0.303600549697876	-0.531379222869873
0.30232974886894226	-0.5309929251670837
0.3011292815208435	-0.5306664705276489
0.29984867572784424	-0.5302888751029968
0.29855549335479736	-0.5299403667449951
0.2973518669605255	-0.5295501947402954
0.2960732579231262	-0.5291444659233093
0.29481229186058044	-0.5287783741950989
0.29359519481658936	-0.5283815860748291
0.2923101782798767	-0.5279475450515747
0.29100027680397034	-0.5275524258613586
0.2897495627403259	-0.5271717309951782
0.2884637117385864	-0.5267582535743713
0.2872137129306793	-0.5263079404830933
0.2859485447406769	-0.5259121060371399
0.2846386432647705	-0.525453507900238
0.283401221036911	-0.5249995589256287
0.28207921981811523	-0.5245746374130249
0.2807743549346924	-0.524124801158905
0.27950698137283325	-0.523661732673645
0.27818071842193604	-0.5232468843460083
0.2768706679344177	-0.5227274298667908
0.2756066918373108	-0.5222489833831787
0.27430784702301025	-0.5218070149421692
0.2729463279247284	-0.5213345289230347
0.271686851978302	-0.5208057165145874
0.2703906297683716	-0.520305871963501
0.2690567076206207	-0.5198277235031128
0.2677454948425293	-0.5193068981170654
0.26644471287727356	-0.5187693238258362
0.26513370871543884	-0.5182740092277527
0.26379528641700745	-0.5177021026611328
0.26247385144233704	-0.5171823501586914
0.2611689865589142	-0.5166775584220886
0.259827196598053	-0.5161135792732239
0.258529931306839	-0.5155584812164307
0.25717630982398987	-0.5150094032287598
0.255843847990036	-0.5144109725952148
0.2544748783111572	-0.5138429403305054
0.25320854783058167	-0.5132894515991211
0.25183290243148804	-0.5126531720161438
0.2505015432834625	-0.5120764970779419
0.24917134642601013	-0.5115172863006592
0.24779744446277618	-0.5108912587165833
0.24646727740764618	-0.5103077292442322
0.24512124061584473	-0.5096725225448608
0.24381569027900696	-0.5090236067771912
0.24244794249534607	-0.5084266066551208
0.2411048859357834	-0.5077762007713318
0.23967894911766052	-0.5071441531181335
0.23835337162017822	-0.5064749717712402
0.2370336949825287	-0.5057860016822815
0.23565375804901123	-0.5051409006118774
0.23429565131664276	-0.5044646859169006
0.23293966054916382	-0.5038016438484192
0.23157267272472382	-0.5030869245529175
0.230160191655159	-0.5024054646492004
0.22884544730186462	-0.5016888976097107
0.22749009728431702	-0.5009893774986267
0.2260979861021042	-0.500264048576355
0.2247435450553894	-0.499533087015152
0.22338981926441193	-0.4988625645637512
0.2219724953174591	-0.4980497658252716
0.22064290940761566	-0.4973309636116028
0.2192809134721756	-0.4965693950653076
0.21787458658218384	-0.495807945728302
0.21648265421390533	-0.4950423240661621
0.21515348553657532	-0.4942821264266968
0.21372635662555695	-0.4934918284416199
0.21233612298965454	-0.49270114302635193
0.21095658838748932	-0.4919509291648865
0.2095707207918167	-0.4910998046398163
0.20819714665412903	-0.4902868866920471
0.20681975781917572	-0.4894331395626068
0.2054123878479004	-0.488655686378479
0.204071506857872	-0.4878154993057251
0.20266208052635193	-0.48695772886276245
0.20124664902687073	-0.4861091375350952
0.19987483322620392	-0.4852399528026581
0.19850942492485046	-0.48438408970832825
0.19706714153289795	-0.483527272939682
0.19574451446533203	-0.48262858390808105
0.19432763755321503	-0.48173287510871887
0.1929493397474289	-0.4807976484298706
0.19153977930545807	-0.4798891246318817
0.19015991687774658	-0.47897353768348694
0.18875043094158173	-0.47805991768836975
0.1873641312122345	-0.47714763879776
0.18596655130386353	-0.4761963188648224
0.18456889688968658	-0.4752512574195862
0.1831682324409485	-0.4742702841758728
0.18175165355205536	-0.47331541776657104
0.18039220571517944	-0.4723190665245056
0.179008349776268	-0.4713616371154785
0.17761030793190002	-0.47034406661987305
0.17624345421791077	-0.4693184494972229
0.1748761087656021	-0.46829894185066223
0.1734449416399002	-0.46732062101364136
0.17206822335720062	-0.4662667512893677
0.17067751288414001	-0.4652097821235657
0.1692623645067215	-0.4641513228416443
0.1679212749004364	-0.4631209373474121
0.16650882363319397	-0.4620360732078552
0.1651068776845932	-0.4609961211681366
0.1637093722820282	-0.45994946360588074
0.16236329078674316	-0.4588277339935303
0.1609671264886856	-0.4577108919620514
0.15952976047992706	-0.45664018392562866
0.15818458795547485	-0.4555121660232544
0.15683649480342865	-0.45438632369041443
0.1553967148065567	-0.45323890447616577
0.15401501953601837	-0.4521072208881378
0.15269051492214203	-0.45096227526664734
0.15126730501651764	-0.44973325729370117
0.14993111789226532	-0.44859108328819275
0.14854314923286438	-0.4474204182624817
0.14715439081192017	-0.4461742341518402
0.14582479000091553	-0.44501978158950806
0.14439359307289124	-0.4437945485115051
0.14307865500450134	-0.44257521629333496
0.14170917868614197	-0.44132864475250244
0.14032815396785736	-0.440082848072052
0.13897646963596344	-0.4388063848018646
0.13758911192417145	-0.43755853176116943
0.13625171780586243	-0.4362840950489044
0.13491439819335938	-0.435054212808609
0.13353726267814636	-0.4337408244609833
0.1321665495634079	-0.4324760437011719
0.13084115087985992	-0.4311431646347046
0.12946072220802307	-0.42981433868408203
0.12810420989990234	-0.42847493290901184
0.12681123614311218	-0.42714858055114746
0.1254158765077591	-0.42579975724220276
0.12409058213233948	-0.4244564175605774
0.12281762063503265	-0.4230847656726837
0.12141263484954834	-0.4217211902141571
0.12012426555156708	-0.4203316271305084
0.11882010102272034	-0.4189477264881134
0.1175190657377243	-0.4175436496734619
0.11614561080932617	-0.4161199629306793
0.11483456194400787	-0.414684534072876
0.11355425417423248	-0.41329601407051086
0.11221307516098022	-0.41178762912750244
0.11088182032108307	-0.41036930680274963
0.10960234701633453	-0.4088553190231323
0.10833291709423065	-0.40742412209510803
0.10703880339860916	-0.40591809153556824
0.10575573891401291	-0.4044456481933594
0.10447004437446594	-0.40290170907974243
0.1031709536910057	-0.40139681100845337
0.10192655771970749	-0.3998922109603882
0.10060491412878036	-0.39833128452301025
0.0993192046880722	-0.3967842757701874
0.09808020293712616	-0.3952227234840393
0.09679676592350006	-0.393675297498703
0.09553518891334534	-0.3920742869377136
0.09430751204490662	-0.3905266225337982
0.09306307137012482	-0.3888987898826599
0.09182418137788773	-0.3873289227485657
0.09059760719537735	-0.38569071888923645
0.0893317237496376	-0.38405826687812805
0.08809436857700348	-0.38243600726127625
0.08691342920064926	-0.38075852394104004
0.0857006385922432	-0.379139244556427
0.08449630439281464	-0.37745267152786255
0.08328583836555481	-0.37577539682388306
0.08210700005292892	-0.3740788996219635
0.08092234283685684	-0.37242478132247925
0.0796828344464302	-0.37071433663368225
0.07850882411003113	-0.368976891040802
0.0773446261882782	-0.3672688901424408
0.07618113607168198	-0.36554765701293945
0.07499717175960541	-0.3637692630290985
0.07389620691537857	-0.3620257079601288
0.07267625629901886	-0.360273540019989
0.0715513601899147	-0.3585077226161957
0.07043208926916122	-0.3567390441894531
0.06925313174724579	-0.3549255430698395
0.06814958155155182	-0.35310056805610657
0.0670861303806305	-0.3513360321521759
0.06591865420341492	-0.34947267174720764
0.0648501068353653	-0.34765809774398804
0.06373811513185501	-0.3457792401313782
0.06264164298772812	-0.34396153688430786
0.061569247394800186	-0.3421063721179962
0.060536231845617294	-0.34021762013435364
0.05944925546646118	-0.33825960755348206
0.058390237390995026	-0.3363919258117676
0.05737678334116936	-0.33450353145599365
0.05627601966261864	-0.3326193690299988
0.055292658507823944	-0.33068639039993286
0.05426241084933281	-0.32872068881988525
0.05325392261147499	-0.3267938196659088
0.052240341901779175	-0.32484155893325806
0.05129123479127884	-0.3228301405906677
0.050319768488407135	-0.3208636939525604
0.0492851696908474	-0.31888532638549805
0.04825788363814354	-0.31695494055747986
0.04735729470849037	-0.3149091303348541
0.046452827751636505	-0.3128886818885803
0.04548284411430359	-0.3108980357646942
0.04451194405555725	-0.3088867664337158
0.04365328699350357	-0.30675217509269714
0.042770273983478546	-0.30473846197128296
0.041821449995040894	-0.30274370312690735
0.040970928966999054	-0.3006104826927185
0.04007588326931	-0.2985397279262543
0.039207927882671356	-0.2964509129524231
0.038251686841249466	-0.2944561243057251
0.03746685013175011	-0.29226723313331604
0.036600254476070404	-0.2901477813720703
0.035798072814941406	-0.2880634665489197
0.034928273409605026	-0.28592705726623535
0.03413420543074608	-0.28383171558380127
0.033313214778900146	-0.28167372941970825
0.03251153603196144	-0.2795158326625824
0.03169722110033035	-0.2773589491844177
0.030952926725149155	-0.2752080261707306
0.030137622728943825	-0.27303346991539
0.029398107901215553	-0.27084898948669434
0.028619050979614258	-0.26867255568504333
0.02792215161025524	-0.2664896547794342
0.027152806520462036	-0.2642752528190613
0.026503786444664	-0.2620529532432556
0.025755276903510094	-0.2598649561405182
0.025118092074990273	-0.25761786103248596
0.024394476786255836	-0.2553897798061371
0.02373339608311653	-0.25314027070999146
0.023058539256453514	-0.2508862614631653
0.022454777732491493	-0.24862335622310638
0.021791208535432816	-0.24636468291282654
0.021161019802093506	-0.24407640099525452
0.02057659439742565	-0.24186402559280396
0.019972193986177444	-0.2395426481962204
0.01940814219415188	-0.23724931478500366
0.018804261460900307	-0.23495672643184662
0.018246080726385117	-0.2326877862215042
0.017707012593746185	-0.2303256392478943
0.017160683870315552	-0.2280082106590271
0.016667360439896584	-0.22570745646953583
0.01612907461822033	-0.22339825332164764
0.015642596408724785	-0.22099873423576355
0.015137312933802605	-0.21867696940898895
0.014716017059981823	-0.21633219718933105
0.014227134175598621	-0.21398349106311798
0.013806499540805817	-0.21166040003299713
0.01337452232837677	-0.2092357575893402
0.012927033938467503	-0.20690608024597168
0.01253538392484188	-0.2045344114303589
0.012159143574535847	-0.20210759341716766
0.011758442968130112	-0.1997472047805786
0.011414263397455215	-0.1973421275615692
0.011052872985601425	-0.194955512881279
0.010722950100898743	-0.19251196086406708
0.010412609204649925	-0.19013623893260956
0.010114282369613647	-0.18770599365234375
0.009782676585018635	-0.18530727922916412
0.009544388391077518	-0.18288573622703552
0.009248726069927216	-0.1804494857788086
0.009025526233017445	-0.17802196741104126
0.008729744702577591	-0.17562267184257507
0.008557294495403767	-0.173142209649086
0.0083374734967947	-0.17069905996322632
0.008134979754686356	-0.16824248433113098
0.007961899042129517	-0.16578638553619385
0.007804809138178825	-0.16335424780845642
0.007633657194674015	-0.16092514991760254
0.007502373307943344	-0.15843014419078827
0.007383807562291622	-0.15598371624946594
0.007295424584299326	-0.1534971445798874
0.007175789214670658	-0.15105263888835907
0.007101647090166807	-0.14858394861221313
0.007053501904010773	-0.14610280096530914
0.007008983753621578	-0.14360424876213074
0.006972923409193754	-0.14114981889724731
0.006968322675675154	-0.13865061104297638
0.006942657753825188	-0.13615261018276215
0.006971083115786314	-0.13368472456932068
0.006991436239331961	-0.1312025934457779
0.007052694912999868	-0.12868909537792206
0.007107924669981003	-0.12623396515846252
0.007172581739723682	-0.12370093166828156
0.007273797411471605	-0.12120755016803741
0.007378924638032913	-0.11873595416545868
0.007483531255275011	-0.11626622825860977
0.0076221926137804985	-0.11375459283590317
0.007768568582832813	-0.11128553748130798
0.007931387983262539	-0.1087646409869194
0.008118227124214172	-0.10627131909132004
0.00830882415175438	-0.10377150028944016
0.008541840128600597	-0.10125060379505157
0.008761960081756115	-0.09877815842628479
0.009003798477351665	-0.09626580774784088
0.009240507148206234	-0.09378409385681152
0.009531914256513119	-0.09126050770282745
0.009799279272556305	-0.08877696096897125
0.010148486122488976	-0.08627433329820633
0.010457290336489677	-0.08375735580921173
0.010772780515253544	-0.0813160389661789
0.01114895474165678	-0.07880029827356339
0.011487377807497978	-0.07630466669797897
0.011878535151481628	-0.07381653040647507
0.012251845560967922	-0.07130427658557892
0.012673340737819672	-0.06884757429361343
0.013116531074047089	-0.06634485721588135
0.01354969572275877	-0.06386956572532654
0.013992296531796455	-0.06135964021086693
0.014495180919766426	-0.0589272677898407
0.014944885857403278	-0.05644061416387558
0.015498777851462364	-0.053933851420879364
0.015987785533070564	-0.0514758937060833
0.016526078805327415	-0.048996277153491974
0.01706233248114586	-0.046541448682546616
0.017674829810857773	-0.04406634345650673
0.018255488947033882	-0.04161171242594719
0.018855810165405273	-0.039167359471321106
0.019432872533798218	-0.036692991852760315
0.02006494626402855	-0.034250225871801376
0.02073686197400093	-0.03182185813784599
0.021380942314863205	-0.02937069535255432
0.02205510251224041	-0.026913587003946304
0.02272941917181015	-0.024492379277944565
0.023428618907928467	-0.022049687802791595
0.02413453534245491	-0.019633077085018158
0.024906259030103683	-0.017207089811563492
0.025619281455874443	-0.014796147122979164
0.026413751766085625	-0.012428305111825466
0.02717217616736889	-0.009949376806616783
0.027977898716926575	-0.007591902278363705
0.028765084221959114	-0.0051722219213843346
0.02960069477558136	-0.002810371108353138
0.030426740646362305	-0.00038753406261093915
0.03132736310362816	0.001958704087883234
0.03212502598762512	0.0043390532955527306
0.033053845167160034	0.006700514350086451
0.03392229974269867	0.00905811507254839
0.034849874675273895	0.011411905288696289
0.03574752435088158	0.013785029761493206
0.036718107759952545	0.016082193702459335
0.03764764964580536	0.018446199595928192
0.03862200304865837	0.02078390307724476
0.03960704058408737	0.023114657029509544
0.04059452936053276	0.025427933782339096
0.04156675934791565	0.02775716967880726
0.04259567707777023	0.03000938519835472
0.04364044591784477	0.032301124185323715
0.04467641934752464	0.03460889309644699
0.04573894292116165	0.03686197102069855
0.046788256615400314	0.03913386911153793
0.04789721593260765	0.04139311984181404
0.048997052013874054	0.043680474162101746
0.05012328177690506	0.045879002660512924
0.051225095987319946	0.04813438281416893
0.052388329058885574	0.0503428615629673
0.05353917181491852	0.052606407552957535
0.05471964552998543	0.05479269474744797
0.055851783603429794	0.05700891092419624
0.05706718564033508	0.05919938534498215
0.0582425557076931	0.0614052452147007
0.05949339643120766	0.06356868147850037
0.060685720294713974	0.06574936956167221
0.06192604452371597	0.0678768903017044
0.06320016831159592	0.0700545608997345
0.06448540836572647	0.07218892872333527
0.06574538350105286	0.07430945336818695
0.0670277401804924	0.07645774632692337
0.06831454485654831	0.07855572551488876
0.06964421272277832	0.08067378401756287
0.0709667056798935	0.08273911476135254
0.07227932661771774	0.08484767377376556
0.07364954054355621	0.08689801394939423
0.07498618960380554	0.08895385265350342
0.07638876140117645	0.09102869778871536
0.07772523909807205	0.09307466447353363
0.07913489639759064	0.09511154890060425
0.08052549511194229	0.09713467955589294
0.08196642994880676	0.09913837164640427
0.08337251842021942	0.101145438849926
0.08484609425067902	0.10312823951244354
0.08621631562709808	0.10510718077421188
0.08771739155054092	0.10707617551088333
0.08915691077709198	0.1090516448020935
0.09064269065856934	0.11098109930753708
0.09211321175098419	0.11291726678609848
0.09360288828611374	0.1148362010717392
0.09508397430181503	0.11676448583602905
0.09661762416362762	0.11866022646427155
0.09812279045581818	0.12054675817489624
0.09967461228370667	0.12243040651082993
0.10121810436248779	0.12429952621459961
0.10275861620903015	0.12613646686077118
0.1043364480137825	0.12797436118125916
0.10591580718755722	0.1298593282699585
0.10745702683925629	0.13165277242660522
0.10905808210372925	0.1334557682275772
0.11064383387565613	0.13525833189487457
0.11224456876516342	0.1370415985584259
0.11386629939079285	0.1387944519519806
0.115467868745327	0.14060194790363312
0.11708994209766388	0.14234787225723267
0.11871775984764099	0.14408902823925018
0.12038858979940414	0.1458059698343277
0.12198931723833084	0.14750823378562927
0.12368098646402359	0.14921385049819946
0.1253247708082199	0.15091420710086823
0.12700636684894562	0.15258482098579407
0.12867051362991333	0.1542634218931198
0.13035047054290771	0.15590205788612366
0.13203710317611694	0.15756212174892426
0.13376674056053162	0.15917310118675232
0.13545875251293182	0.1607934683561325
0.13719671964645386	0.16239963471889496
0.13890191912651062	0.16399958729743958
0.1406070739030838	0.16558699309825897
0.1423564851284027	0.1671632081270218
0.14405964314937592	0.16871553659439087
0.14585809409618378	0.17023421823978424
0.14759071171283722	0.1717831939458847
0.14936454594135284	0.17329511046409607
0.1510692834854126	0.17483371496200562
0.15285758674144745	0.1762908548116684
0.15461932122707367	0.17780151963233948
0.15641510486602783	0.1792459785938263
0.15816862881183624	0.1807258278131485
0.159999817609787	0.18214720487594604
0.16175773739814758	0.1835893839597702
0.16356289386749268	0.18500205874443054
0.16535237431526184	0.18641704320907593
0.1671590805053711	0.18780256807804108
0.16897588968276978	0.18919594585895538
0.17078837752342224	0.19056302309036255
0.1726398766040802	0.19190451502799988
0.17444385588169098	0.1932489275932312
0.17627841234207153	0.19455283880233765
0.1780884563922882	0.19590310752391815
0.1799391657114029	0.19716382026672363
0.1817559003829956	0.1984923779964447
0.18360985815525055	0.19974076747894287
0.18542955815792084	0.20105622708797455
0.1873239129781723	0.20227499306201935
0.18913017213344574	0.20353828370571136
0.1910022795200348	0.2047261893749237
0.1928470879793167	0.20598673820495605
0.1947437971830368	0.20715531706809998
0.19656655192375183	0.20837636291980743
0.19846488535404205	0.20953071117401123
0.20030635595321655	0.21070706844329834
0.20219701528549194	0.21184834837913513
0.2040407359600067	0.2129875272512436
0.20591333508491516	0.21413229405879974
0.20783771574497223	0.21522735059261322
0.20967921614646912	0.21635402739048004
0.21161651611328125	0.2173972725868225
0.21348820626735687	0.2185242772102356
0.2153605818748474	0.21955551207065582
0.2171991765499115	0.22064921259880066
0.2191770076751709	0.22163870930671692
0.22101865708827972	0.2227378785610199
0.2229970246553421	0.22367426753044128
0.22483259439468384	0.22473302483558655
0.22679856419563293	0.2256772220134735
0.22868488729000092	0.2266877442598343
0.23058049380779266	0.2276313453912735
0.2325069159269333	0.22858926653862
0.2343752682209015	0.22956424951553345
0.23635417222976685	0.23047702014446259
0.23825260996818542	0.23135434091091156
0.24009878933429718	0.23229147493839264
0.24198134243488312	0.2331891506910324
0.2438839077949524	0.23405829071998596
0.2457970678806305	0.23495639860630035
0.2476586103439331	0.23582729697227478
0.24958331882953644	0.2366715520620346
0.25151175260543823	0.23748905956745148
0.2534141540527344	0.23832377791404724
0.2553599178791046	0.23911459743976593
0.25728264451026917	0.23994486033916473
0.25917428731918335	0.24070459604263306
0.2610388398170471	0.24152080714702606
0.26290491223335266	0.2422473430633545
0.26482436060905457	0.24305720627307892
0.2667287290096283	0.24374863505363464
0.26859909296035767	0.24454160034656525
0.27050480246543884	0.24522842466831207
0.27238765358924866	0.24594348669052124
0.2742786407470703	0.24664431810379028
0.27619972825050354	0.2473514974117279
0.2780231833457947	0.24800662696361542
0.27995622158050537	0.24869288504123688
0.2818208336830139	0.24934908747673035
0.2837400436401367	0.2499815672636032
0.285585880279541	0.25065070390701294
0.28745049238204956	0.2512889504432678
0.28933313488960266	0.25185340642929077
0.29119589924812317	0.25246521830558777
0.29307860136032104	0.25309377908706665
0.29498398303985596	0.25363853573799133
0.2968090772628784	0.25425076484680176
0.29871025681495667	0.25480324029922485
0.30057644844055176	0.25535857677459717
0.30243244767189026	0.255876749753952
0.30426648259162903	0.25645712018013
0.3061814308166504	0.2569568157196045
0.30799850821495056	0.25746551156044006
0.3098437786102295	0.25800439715385437
0.3117079436779022	0.25849056243896484
0.31359171867370605	0.2589460015296936
0.3153897523880005	0.25939416885375977
0.31726038455963135	0.2598840296268463
0.3191153109073639	0.2603217661380768
0.3209313750267029	0.2608075737953186
0.32275742292404175	0.26122161746025085
0.3246055841445923	0.26162129640579224
0.32641178369522095	0.26204997301101685
0.3282589018344879	0.2624872624874115
0.3300761580467224	0.26282575726509094
0.3319026827812195	0.2632656991481781
0.333694189786911	0.263621985912323
0.3355252742767334	0.2639680504798889
0.33735671639442444	0.2643783688545227
0.3391475975513458	0.26471996307373047
0.34096306562423706	0.2650333046913147
0.3427633047103882	0.2653726637363434
0.3445330262184143	0.26571035385131836
0.3463277816772461	0.26600831747055054
0.34813809394836426	0.26631996035575867
0.34991931915283203	0.26665475964546204
0.3517090678215027	0.2669353485107422
0.3535107374191284	0.26720455288887024
0.35527873039245605	0.26748010516166687
0.3570135831832886	0.2677002251148224
0.3588433861732483	0.26799312233924866
0.3605607748031616	0.26822102069854736
0.3623436391353607	0.26846808195114136
0.36409708857536316	0.26868104934692383
0.3658369779586792	0.26893264055252075
0.3675774335861206	0.26911741495132446
0.369331955909729	0.2693527042865753
0.3710899353027344	0.26953738927841187
0.37279441952705383	0.26971346139907837
0.37454214692115784	0.2698954939842224
0.3762747049331665	0.27009499073028564
0.3780191242694855	0.27024489641189575
0.3797236680984497	0.2704123854637146
0.38145262002944946	0.27052152156829834
0.38314634561538696	0.2706805467605591
0.38485002517700195	0.27083221077919006
0.38658392429351807	0.2709404230117798
0.3882580101490021	0.2710782587528229
0.389963835477829	0.27117985486984253
0.391670286655426	0.27128687500953674
0.39333778619766235	0.2714083194732666
0.3950197994709015	0.27148571610450745
0.39667171239852905	0.27156126499176025
0.3983813524246216	0.2716639041900635
0.40006566047668457	0.2717002034187317
0.40169262886047363	0.27176496386528015
0.4033544063568115	0.27184608578681946
0.4050091803073883	0.2718732953071594
0.40666836500167847	0.2718885540962219
0.40830373764038086	0.2719639837741852
0.4099627137184143	0.2719676196575165
0.4115922451019287	0.2720067501068115
0.4131968319416046	0.27199921011924744
0.41484004259109497	0.27204352617263794
0.41640588641166687	0.27198711037635803
0.41802656650543213	0.27203381061553955
0.4196770191192627	0.27200546860694885
0.42131146788597107	0.27199387550354004
0.42288750410079956	0.27197641134262085
0.42450177669525146	0.27195051312446594
0.42610982060432434	0.2718895375728607
0.42766961455345154	0.2718653976917267
0.42926034331321716	0.2718387842178345
0.43081334233283997	0.2717510759830475
0.4323861598968506	0.27170443534851074
0.4339907169342041	0.2716466188430786
0.43552178144454956	0.2715769410133362
0.43708741664886475	0.27148470282554626
0.4386231303215027	0.27142536640167236
0.4401807188987732	0.27131563425064087
0.441739946603775	0.2712410092353821
0.4432753324508667	0.2711507976055145
0.4448186159133911	0.27104488015174866
0.44633162021636963	0.2709149122238159
0.4478521943092346	0.27080994844436646
0.4493902027606964	0.2706387937068939
0.4508768916130066	0.2705536484718323
0.45243799686431885	0.2703903317451477
0.453913152217865	0.270282506942749
0.45540034770965576	0.270089328289032
0.45690733194351196	0.270007848739624
0.4583754241466522	0.2698229253292084
0.45986729860305786	0.2696888744831085
0.46134746074676514	0.26952463388442993
0.46283695101737976	0.2693842649459839
0.46427246928215027	0.26913753151893616
0.46578800678253174	0.2690288722515106
0.4672183096408844	0.2688235938549042
0.468669056892395	0.26862049102783203
0.47012004256248474	0.268454909324646
0.47157466411590576	0.2682808041572571
0.473004549741745	0.2680143117904663
0.47443079948425293	0.2678655982017517
0.47587066888809204	0.2676756978034973
0.4772909879684448	0.26738959550857544
0.47872230410575867	0.2672414779663086
0.4801233410835266	0.26700735092163086
0.4815671443939209	0.26677173376083374
0.48295605182647705	0.2665516436100006
0.4843355119228363	0.2663291394710541
0.48574844002723694	0.26605162024497986
0.4871191680431366	0.26582255959510803
0.48849964141845703	0.26560571789741516
0.4898867905139923	0.26530203223228455
0.49122893810272217	0.2650487422943115
0.49263015389442444	0.26483121514320374
0.4940071105957031	0.264553964138031
0.49537113308906555	0.2642432451248169
0.4966861307621002	0.26406028866767883
0.49805235862731934	0.2637593150138855
0.4993978440761566	0.2634361982345581
0.5007288455963135	0.26320719718933105
0.5020865797996521	0.26290664076805115
0.503394603729248	0.2626098096370697
0.5046959519386292	0.26235103607177734
0.506054699420929	0.26202934980392456
0.5073612928390503	0.26171863079071045
0.5086614489555359	0.26143741607666016
0.5099948644638062	0.2611508369445801
0.5112735033035278	0.26081740856170654
0.5125385522842407	0.26050490140914917
0.5138658285140991	0.26019105315208435
0.5151752233505249	0.25989824533462524
0.5164207816123962	0.25955644249916077
0.517715573310852	0.2592589855194092
0.5189557075500488	0.258914053440094
0.5202232003211975	0.25857073068618774
0.5214802026748657	0.25825777649879456
0.5227788686752319	0.25793203711509705
0.5239502787590027	0.25757935643196106
0.5252243280410767	0.25726574659347534
0.5264995098114014	0.2568897604942322
0.5277352333068848	0.2564981281757355
0.5289485454559326	0.2561846673488617
0.5301949977874756	0.2558584213256836
0.5313955545425415	0.25545358657836914
0.5325992107391357	0.25510504841804504
0.5338133573532104	0.25477203726768494
0.5350242257118225	0.2543553411960602
0.5362365245819092	0.2540281116962433
0.5374541282653809	0.2536928653717041
0.5386342406272888	0.2532649338245392
0.53980553150177	0.2528897225856781
0.5409728288650513	0.2525566518306732
0.5421528816223145	0.25218385457992554
0.5433354377746582	0.251739501953125
0.5445273518562317	0.251403272151947
0.5456681847572327	0.2510390877723694
0.5468214154243469	0.25064200162887573
0.5479778051376343	0.25025200843811035
0.549168586730957	0.2498706430196762
0.5502620339393616	0.24940872192382812
0.5513820648193359	0.249064102768898
0.5525892376899719	0.24864903092384338
0.5536665916442871	0.24826224148273468
0.5547981858253479	0.2478274255990982
0.5559563636779785	0.2474576085805893
0.5570584535598755	0.2470325380563736
0.5581157207489014	0.24660208821296692
0.5593133568763733	0.2462221384048462
0.560369610786438	0.24579501152038574
0.5614199638366699	0.24536164104938507
0.562554657459259	0.24496567249298096
0.5636418461799622	0.24456138908863068
0.5646894574165344	0.24408601224422455
0.5658350586891174	0.24370715022087097
0.5669075846672058	0.24326252937316895
0.5679683089256287	0.2428443729877472
0.5690453052520752	0.24242840707302094
0.5700940489768982	0.24198554456233978
0.571142852306366	0.24154017865657806
0.5722112655639648	0.24114350974559784
0.5732419490814209	0.2406502217054367
0.574311375617981	0.24024075269699097
0.5753307342529297	0.2398304045200348
0.5763792991638184	0.2393457293510437
0.5774171352386475	0.23890435695648193
0.5784310102462769	0.23850101232528687
0.5795193910598755	0.23805250227451324
0.5804593563079834	0.23756004869937897
0.5815368294715881	0.2371823787689209
0.5825207233428955	0.23669517040252686
0.583498477935791	0.2362392544746399
0.5845515727996826	0.23582111299037933
0.5855214595794678	0.23535755276679993
0.5864996314048767	0.23489919304847717
0.5875129103660583	0.2344650775194168
0.5885232090950012	0.23397766053676605
0.5894973278045654	0.23349756002426147
0.5904550552368164	0.23307988047599792
0.5914412140846252	0.23261117935180664
0.5924118757247925	0.23215436935424805
0.5933448076248169	0.23168744146823883
0.5943291783332825	0.23123472929000854
0.5952827334403992	0.23073722422122955
0.5962230563163757	0.2302858531475067
0.5971695184707642	0.22985869646072388
0.5981459617614746	0.22935275733470917
0.5990669131278992	0.22891996800899506
0.6000055074691772	0.2284432351589203
0.6009507775306702	0.22793778777122498
0.6018641591072083	0.227468341588974
0.6027930378913879	0.22701244056224823
0.6037351489067078	0.22652405500411987
0.604642927646637	0.2260277420282364
0.6055386066436768	0.22555746138095856
0.6064335703849792	0.22509765625
0.6073576807975769	0.22462166845798492
0.6082726716995239	0.22413907945156097
0.6091780662536621	0.22365038096904755
0.6100553870201111	0.22316931188106537
0.610937774181366	0.22271643579006195
0.6118419766426086	0.2222360074520111
0.612739086151123	0.2216978669166565
0.6135895252227783	0.2212732434272766
0.6144543290138245	0.22080346941947937
0.615352213382721	0.22030483186244965
0.616210401058197	0.21982726454734802
0.6170887351036072	0.2193538248538971
0.6179356575012207	0.2188519388437271
0.6188125014305115	0.21835622191429138
0.6196272969245911	0.21785639226436615
0.6204922199249268	0.21738019585609436
0.6213404536247253	0.21689365804195404
0.6221904158592224	0.21643657982349396
0.6230548024177551	0.2159462869167328
0.6238754987716675	0.21543550491333008
0.6246805787086487	0.21495321393013
0.6255534887313843	0.21445167064666748
0.6263073086738586	0.21395504474639893
0.627160906791687	0.21347180008888245
0.6279650926589966	0.2129809856414795
0.6287806034088135	0.2124660164117813
0.6296234130859375	0.2119825929403305
0.6304196119308472	0.21150675415992737
0.6312634944915771	0.2109907567501068
0.6320073008537292	0.21051357686519623
0.6328249573707581	0.2100054919719696
0.6336221098899841	0.20951059460639954
0.6344243884086609	0.2089964896440506
0.635159969329834	0.20846042037010193
0.6359798908233643	0.20803803205490112
0.6367427706718445	0.2075309157371521
0.6375341415405273	0.2070671021938324
0.6382794380187988	0.20653869211673737
0.639052152633667	0.2060340940952301
0.6398230791091919	0.20552358031272888
0.6405766606330872	0.20504489541053772
0.6413499116897583	0.20455636084079742
0.6421132683753967	0.20402419567108154
0.6428239345550537	0.20357400178909302
0.6436012387275696	0.20306439697742462
0.6443623304367065	0.20255103707313538
0.6450974345207214	0.20207640528678894
0.6458343863487244	0.20153605937957764
0.6465892791748047	0.20103546977043152
0.6472930312156677	0.2005697339773178
0.6480145454406738	0.2000628560781479
0.6487693786621094	0.19956159591674805
0.6494642496109009	0.19905328750610352
0.650164008140564	0.1985073685646057
0.6509526968002319	0.19803446531295776
0.6516096591949463	0.197556272149086
0.6523275375366211	0.19699281454086304
0.6530786156654358	0.19654715061187744
0.6537637710571289	0.1960626095533371
0.654460608959198	0.19554558396339417
0.6551571488380432	0.19499173760414124
0.6558409333229065	0.19455254077911377
0.6565600633621216	0.19403381645679474
0.6572210788726807	0.19353243708610535
0.6579365134239197	0.19307050108909607
0.6585903167724609	0.19254276156425476
0.6592807173728943	0.19206692278385162
0.6599745750427246	0.19153934717178345
0.6606557369232178	0.19103771448135376
0.6613017916679382	0.19050660729408264
0.6619859933853149	0.19001373648643494
0.6626607179641724	0.18953295052051544
0.66327965259552	0.18906353414058685
0.6639965772628784	0.18852540850639343
0.6646294593811035	0.1880362331867218
0.6652854681015015	0.187533900141716
0.6659234762191772	0.1870247721672058
0.6666079759597778	0.1865471452474594
0.6672242283821106	0.18600748479366302
0.6678485870361328	0.18551653623580933
0.6685203909873962	0.1850956529378891
0.6691144704818726	0.18452462553977966
0.6697739958763123	0.18403035402297974
0.6704394817352295	0.18355537950992584
0.6710683703422546	0.18301108479499817
0.671678364276886	0.18255802989006042
0.6722846031188965	0.18207590281963348
0.6729309558868408	0.18154923617839813
0.6735424995422363	0.18101632595062256
0.674148678779602	0.180546373128891
0.6747741103172302	0.18004561960697174
0.675376296043396	0.1795440912246704
0.6759897470474243	0.17908291518688202
0.676577091217041	0.17856033146381378
0.6771854758262634	0.1780371516942978
0.6778181791305542	0.17756237089633942
0.67839515209198	0.17705130577087402
0.6789740920066833	0.17655986547470093
0.6795542240142822	0.1760311871767044
0.6801633238792419	0.17556646466255188
0.6807555556297302	0.17506594955921173
0.681352972984314	0.17456147074699402
0.6819199919700623	0.17412258684635162
0.6824787855148315	0.17357957363128662
0.6831010580062866	0.17310696840286255
0.6836632490158081	0.17260955274105072
0.684223473072052	0.17209911346435547
0.6848096251487732	0.17164291441440582
0.6853768229484558	0.17112946510314941
0.6859139204025269	0.17060023546218872
0.6865203380584717	0.17020297050476074
0.6870348453521729	0.16961362957954407
0.6876106858253479	0.16910625994205475
0.6882038712501526	0.16870930790901184
0.6887125372886658	0.16816455125808716
0.6892358064651489	0.16764208674430847
0.6897954940795898	0.16720515489578247
0.6903963685035706	0.1666983664035797
0.6909046173095703	0.1661594957113266
0.6914348602294922	0.16572429239749908
0.6919825673103333	0.1652185171842575
0.6925034523010254	0.16471493244171143
0.6930708885192871	0.1642228066921234
0.6935855746269226	0.16376809775829315
0.6940923929214478	0.1632719486951828
0.6946706771850586	0.16274988651275635
0.6951920986175537	0.1623247116804123
0.6956902146339417	0.16180674731731415
0.6961894631385803	0.1613006442785263
0.6967713236808777	0.1608521044254303
0.6972238421440125	0.1603320688009262
0.6977368593215942	0.15982075035572052
0.6983012557029724	0.15944980084896088
0.6987388134002686	0.15886859595775604
0.6992741227149963	0.1583937704563141
0.6997970342636108	0.1579512655735016
0.7002887725830078	0.15743261575698853
0.700788676738739	0.15696965157985687
0.7013058662414551	0.15651635825634003
0.7017600536346436	0.15597963333129883
0.7022244930267334	0.1555270403623581
0.7027579545974731	0.15500648319721222
0.7032728791236877	0.15457414090633392
0.7037243843078613	0.1540769785642624
0.7042157053947449	0.15359094738960266
0.7047255039215088	0.15315894782543182
0.7051646113395691	0.1526835560798645
0.7056869268417358	0.15215489268302917
0.7061967849731445	0.1517307460308075
0.706626296043396	0.15120524168014526
0.7070674896240234	0.15075963735580444
0.707623302936554	0.15030522644519806
0.708030104637146	0.14975520968437195
0.7085012793540955	0.1492834985256195
0.7089665532112122	0.14881479740142822
0.7094457149505615	0.14835646748542786
0.7098488807678223	0.1478804349899292
0.7103409767150879	0.14741314947605133
0.7107855081558228	0.14693546295166016
0.7112553715705872	0.146463543176651
0.7117189168930054	0.14603838324546814
0.7121754288673401	0.14552970230579376
0.712613582611084	0.14502520859241486
0.7130627632141113	0.14462733268737793
0.7135292887687683	0.14412176609039307
0.713939905166626	0.14361855387687683
0.71439129114151	0.14320877194404602
0.7148425579071045	0.14268545806407928
0.7152340412139893	0.1422259509563446
0.7157291173934937	0.14183607697486877
0.7161072492599487	0.14130015671253204
0.7165606021881104	0.14084959030151367
0.7169873714447021	0.14042790234088898
0.7173959612846375	0.13992346823215485
0.7178390622138977	0.13946352899074554
0.7182692885398865	0.138984814286232
0.7187159657478333	0.1385503113269806
0.7191113233566284	0.13803841173648834
0.7195377349853516	0.137594535946846
0.7199720740318298	0.13715215027332306
0.7203982472419739	0.13665375113487244
0.7208282351493835	0.13623028993606567
0.7212113738059998	0.1357894241809845
0.7216141819953918	0.13526657223701477
0.7220368385314941	0.13482420146465302
0.7224481701850891	0.13439637422561646
0.7228488326072693	0.13392505049705505
0.7232183218002319	0.13345247507095337
0.7236754298210144	0.1330009251832962
0.724017858505249	0.13257642090320587
0.7244524955749512	0.13213388621807098
0.7248249053955078	0.13166135549545288
0.7252622842788696	0.13116580247879028
0.7256312370300293	0.13077054917812347
0.7260521650314331	0.13026559352874756
0.7264497876167297	0.12985867261886597
0.7268216609954834	0.1294138878583908
0.7271771430969238	0.12892508506774902
0.7275819778442383	0.12853199243545532
0.7279655933380127	0.12801750004291534
0.7283447980880737	0.12759442627429962
0.7287180423736572	0.12717226147651672
0.7291381359100342	0.1266845166683197
0.7294759750366211	0.12625612318515778
0.729853630065918	0.12580883502960205
0.7302526235580444	0.12534430623054504
0.7306235432624817	0.12490256130695343
0.730988085269928	0.12449546158313751
0.7313648462295532	0.12400227040052414
0.7317037582397461	0.12358909845352173
0.7321138381958008	0.12312201410531998
0.7324403524398804	0.12267715483903885
0.7327555418014526	0.12221412360668182
0.7331894636154175	0.1218053326010704
0.7335163354873657	0.12131215631961823
0.7338734865188599	0.12090117484331131
0.7342364192008972	0.12049253284931183
0.7346165180206299	0.12002143263816833
0.7349425554275513	0.11957300454378128
0.7353099584579468	0.11913453787565231
0.7356786727905273	0.11873438954353333
0.7360334396362305	0.11827980726957321
0.7363620400428772	0.11782575398683548
0.736685574054718	0.11738881468772888
0.7370765209197998	0.116974376142025
0.7374016046524048	0.1165509819984436
0.7377654314041138	0.11614076048135757
0.738089919090271	0.1156582161784172
0.7384327054023743	0.11522690951824188
0.7387629747390747	0.11484227329492569
0.7390817403793335	0.11439131200313568
0.7394440174102783	0.11398173123598099
0.7397803664207458	0.11355319619178772
0.7400879859924316	0.11314880847930908
0.7404607534408569	0.11266171187162399
0.7407798171043396	0.1122245192527771
0.741104245185852	0.11178181320428848
0.7414290308952332	0.11137266457080841
0.7417457699775696	0.11092272400856018
0.7420824766159058	0.1105593666434288
0.7424070835113525	0.11011455208063126
0.7426878809928894	0.10965871065855026
0.7430605292320251	0.10929204523563385
0.7433815002441406	0.10882195085287094
0.743640661239624	0.10836552083492279
0.7439931631088257	0.10800798237323761
0.7443231344223022	0.10757587850093842
0.7446125745773315	0.10712321847677231
0.7449491024017334	0.10674284398555756
0.7452930212020874	0.10629158467054367
0.7455451488494873	0.10583074390888214
0.7458717823028564	0.10547095537185669
0.7462022304534912	0.10509327054023743
0.7464480400085449	0.10460300743579865
0.7468208074569702	0.10419081151485443
0.7471199631690979	0.10382349044084549
0.7473704814910889	0.10341483354568481
0.74772709608078	0.10296474397182465
0.7480000257492065	0.1025596410036087
0.7482789754867554	0.10211770236492157
0.7486112117767334	0.10173602402210236
0.748903214931488	0.10132956504821777
0.749213695526123	0.10089738667011261
0.7495075464248657	0.10046648979187012
0.7498109340667725	0.10009664297103882
0.7500473260879517	0.09967061132192612
0.7503886222839355	0.09926115721464157
0.7506676912307739	0.09884520620107651
0.7509204745292664	0.09843897074460983
0.7512294054031372	0.09806083887815475
0.751541256904602	0.09757580608129501
0.7518116235733032	0.0972239151597023
0.7520726919174194	0.09679733216762543
0.7523666024208069	0.09637174755334854
0.7526293396949768	0.09599734842777252
0.7529438734054565	0.09557395428419113
0.7532034516334534	0.09519848972558975
0.7534856796264648	0.09477874636650085
0.7537945508956909	0.09440774470567703
0.7540134191513062	0.09396012872457504
0.7543081045150757	0.09355434030294418
0.7545909881591797	0.0931568518280983
0.7548606395721436	0.09277208149433136
0.7551212310791016	0.09235935658216476
0.7553735971450806	0.09199756383895874
0.7556689381599426	0.09159590303897858
0.7559393048286438	0.09121297299861908
0.7562078833580017	0.09083281457424164
0.7564544081687927	0.09038178622722626
0.7567380666732788	0.0899839848279953
0.7570056915283203	0.0895967185497284
0.7572507262229919	0.0891958549618721
0.7575169205665588	0.08878982067108154
0.7577604055404663	0.08838765323162079
0.7580864429473877	0.0880526676774025
0.7583234310150146	0.08764582872390747
0.758526623249054	0.08721782267093658
0.7588265538215637	0.08685040473937988
0.7590926885604858	0.08648387342691422
0.7593516707420349	0.0860481858253479
0.7595887780189514	0.0857372060418129
0.7598609924316406	0.08530434221029282
0.7600530982017517	0.0849079117178917
0.7603381872177124	0.08452793955802917
0.7606086134910583	0.08414817601442337
0.7608110308647156	0.08370985090732574
0.7611067295074463	0.0833698958158493
0.7613179087638855	0.08298078179359436
0.7615284323692322	0.08258409798145294
0.7618481516838074	0.08218716830015182
0.7620455026626587	0.08182887732982635
0.762292742729187	0.08146046847105026
0.7625542879104614	0.08108284324407578
0.7627913355827332	0.08068585395812988
0.7629917860031128	0.08031019568443298
0.7632961273193359	0.07992537319660187
0.7635030746459961	0.07955989241600037
0.7637462615966797	0.07919175177812576
0.7639724016189575	0.078791044652462
0.7642140984535217	0.07840271294116974
0.7644385695457458	0.07804854214191437
0.7646965980529785	0.07765937596559525
0.764911949634552	0.07723657041788101
0.7651428580284119	0.07688172161579132
0.7653758525848389	0.0765097439289093
0.7655813694000244	0.07613620162010193
0.765860915184021	0.07578414678573608
0.7660488486289978	0.07538779824972153
0.7662592530250549	0.07499435544013977
0.7665119171142578	0.07461749762296677
0.766727089881897	0.07432714104652405
0.766959011554718	0.07388652861118317
0.7671360373497009	0.07352592796087265
0.7674118876457214	0.07318072021007538
0.7676112651824951	0.07281957566738129
0.7678676843643188	0.07244104892015457
0.7680821418762207	0.07207697629928589
0.7682788372039795	0.07167185097932816
0.7685191035270691	0.07135626673698425
0.7687174081802368	0.0709616169333458
0.7689143419265747	0.07062062621116638
0.7691519856452942	0.0702475979924202
0.7693338394165039	0.06989623606204987
0.7696139812469482	0.06946858763694763
0.7697855234146118	0.06912216544151306
0.7699997425079346	0.06880231946706772
0.7702375650405884	0.0684584379196167
0.7704420685768127	0.06803585588932037
0.7706562280654907	0.06767012178897858
0.7708609700202942	0.0673850029706955
0.7710484266281128	0.06697210669517517
0.7712715864181519	0.06663202494382858
0.7715005278587341	0.06625876575708389
0.7716507315635681	0.06586585193872452
0.7718813419342041	0.06558600813150406
0.7720879316329956	0.06516558676958084
0.7722970843315125	0.06482495367527008
0.7724795341491699	0.06450208276510239
0.7726693153381348	0.0641263872385025
0.772858738899231	0.06380216777324677
0.7730686664581299	0.06342301517724991
0.7733177542686462	0.06306992471218109
0.7735022902488708	0.06270892918109894
0.7737053036689758	0.06234694644808769
0.7738587856292725	0.06207159161567688
0.7740539312362671	0.06164345145225525
0.7742559313774109	0.061275664716959
0.7744783163070679	0.06094571575522423
0.7746440172195435	0.06060483306646347
0.7748463749885559	0.060267213732004166
0.7750388979911804	0.05994493141770363
0.7752284407615662	0.05954081192612648
0.775432288646698	0.05925055965781212
0.7756221890449524	0.058878105133771896
0.7758156061172485	0.0585114061832428
0.7759862542152405	0.05816274881362915
0.776199460029602	0.05783773958683014
0.7763546705245972	0.05747343599796295
0.7765761017799377	0.05713430419564247
0.7767342925071716	0.05678846314549446
0.7769200801849365	0.05645941197872162
0.7771186232566833	0.05612187087535858
0.7773323059082031	0.05583809316158295
0.777455747127533	0.05543253570795059
0.7776355743408203	0.05508389696478844
0.7778486609458923	0.05476147308945656
0.7779800891876221	0.05441107600927353
0.7781768441200256	0.05404652655124664
0.778380811214447	0.05371073633432388
0.7785632610321045	0.053394608199596405
0.7787423133850098	0.053050242364406586
0.7789185047149658	0.05268760025501251
0.7791213989257812	0.05239145830273628
0.7792696952819824	0.05205772817134857
0.7794633507728577	0.051717668771743774
0.7796235084533691	0.05139540508389473
0.7797759175300598	0.051065973937511444
0.7799769639968872	0.05069483071565628
0.780160129070282	0.050392091274261475
0.7803006172180176	0.050004251301288605
0.7804400324821472	0.04972317814826965
0.7806335091590881	0.04934187978506088
0.7808030247688293	0.04905834421515465
0.7809843420982361	0.04878312721848488
0.7811363935470581	0.0484137237071991
0.7813140153884888	0.048030585050582886
0.7814934253692627	0.04770975932478905
0.7816788554191589	0.047428667545318604
0.7818344235420227	0.04703490436077118
0.7819685339927673	0.046734318137168884
0.7821910977363586	0.04642766714096069
0.782297670841217	0.04607890546321869
0.7824371457099915	0.04574000462889671
0.7826611995697021	0.04541439563035965
0.7827669382095337	0.045130178332328796
0.7829793095588684	0.044770777225494385
0.7831636071205139	0.044499851763248444
0.7832817435264587	0.044156163930892944
0.7834234237670898	0.04379895702004433
0.7836280465126038	0.04347918555140495
0.7838011384010315	0.04320277273654938
0.7839231491088867	0.042841628193855286
0.7841076254844666	0.042533352971076965
0.7842434644699097	0.0422184132039547
0.7844273447990417	0.04187427833676338
0.784601092338562	0.04157916083931923
0.7847108244895935	0.041249342262744904
0.7848467826843262	0.04093773290514946
0.7850474715232849	0.04059569537639618
0.7851849794387817	0.040309350937604904
0.7853399515151978	0.0399613119661808
0.7855051755905151	0.039673760533332825
