# Date: Fri Jun 19 20:17:51 2015
# Center: 499502700.0
# Span: 100000.0
# Points: 2001
# Real:	Imag:
0.6300473809242249	-0.4911150336265564
0.6297402381896973	-0.49130764603614807
0.6294283270835876	-0.49147334694862366
0.6291260123252869	-0.49169185757637024
0.6287671327590942	-0.4919021725654602
0.6285010576248169	-0.4920696020126343
0.6281518340110779	-0.4922875165939331
0.6278562545776367	-0.4924696981906891
0.6275445222854614	-0.49264347553253174
0.6272333264350891	-0.4928256869316101
0.6268993616104126	-0.49304911494255066
0.6265525817871094	-0.4932982623577118
0.6262688636779785	-0.4934745132923126
0.6259597539901733	-0.493633896112442
0.6256279349327087	-0.4938592314720154
0.6253067255020142	-0.4940835237503052
0.6249393820762634	-0.4942190647125244
0.6246248483657837	-0.4944142699241638
0.6243235468864441	-0.4945952296257019
0.6239529848098755	-0.49484413862228394
0.6236651539802551	-0.4950297176837921
0.6233348846435547	-0.4952024817466736
0.6230424046516418	-0.49542298913002014
0.6226860880851746	-0.49561750888824463
0.6223587989807129	-0.4958086311817169
0.622020423412323	-0.4960249662399292
0.6216763257980347	-0.49621716141700745
0.621343195438385	-0.4964127242565155
0.6210205554962158	-0.49661239981651306
0.6206866502761841	-0.49679556488990784
0.6203112602233887	-0.4970088303089142
0.6199934482574463	-0.4971974194049835
0.6196983456611633	-0.4974058270454407
0.6193243265151978	-0.49761125445365906
0.6189836263656616	-0.4977704584598541
0.6186559200286865	-0.49799203872680664
0.6183082461357117	-0.49820631742477417
0.6179330348968506	-0.49839410185813904
0.6176316142082214	-0.4985964894294739
0.6172872185707092	-0.4987669289112091
0.616901159286499	-0.49896830320358276
0.616601288318634	-0.4991660714149475
0.6162578463554382	-0.49938780069351196
0.6159108877182007	-0.49961188435554504
0.6155335307121277	-0.4997639060020447
0.6151986718177795	-0.4999413788318634
0.6148979663848877	-0.5001822113990784
0.6144890189170837	-0.5004240870475769
0.6141720414161682	-0.5005970597267151
0.6137574315071106	-0.5007425546646118
0.6134288311004639	-0.5009831190109253
0.6131079792976379	-0.501173734664917
0.6126896142959595	-0.5013539791107178
0.6123702526092529	-0.5015413761138916
0.6120083332061768	-0.5017275810241699
0.6116665601730347	-0.5019403100013733
0.6112969517707825	-0.5021646022796631
0.6109195947647095	-0.5023583769798279
0.6105806827545166	-0.5025575757026672
0.610161542892456	-0.5027768611907959
0.6098515391349792	-0.5029739737510681
0.6094881296157837	-0.5031472444534302
0.6090853214263916	-0.5033644437789917
0.6087306141853333	-0.503565788269043
0.6083806753158569	-0.5037535429000854
0.6080101728439331	-0.5039727687835693
0.6076374053955078	-0.504172146320343
0.6072521805763245	-0.5043251514434814
0.6068638563156128	-0.5045628547668457
0.6065323352813721	-0.5047782063484192
0.6061745882034302	-0.5049583911895752
0.6057801842689514	-0.5051437616348267
0.6054462194442749	-0.505361020565033
0.6050115823745728	-0.5055446624755859
0.6046632528305054	-0.5057854652404785
0.6042881011962891	-0.5059506297111511
0.6038851141929626	-0.5061668157577515
0.6034688353538513	-0.5063583850860596
0.6031181216239929	-0.5065712928771973
0.6027363538742065	-0.5067290663719177
0.6023353934288025	-0.5069800019264221
0.6019880771636963	-0.5071987509727478
0.6015989780426025	-0.5073815584182739
0.6011816263198853	-0.5075685977935791
0.6008070111274719	-0.5078040361404419
0.60044264793396	-0.5079973936080933
0.6000083088874817	-0.5081709027290344
0.5996579527854919	-0.5083932280540466
0.5992850065231323	-0.5085961222648621
0.5988290905952454	-0.5087703466415405
0.5984813570976257	-0.5090086460113525
0.5981115698814392	-0.5091826915740967
0.5976556539535522	-0.5093648433685303
0.5972815155982971	-0.5096135139465332
0.5968617796897888	-0.5097891688346863
0.5964570641517639	-0.5100183486938477
0.5961209535598755	-0.5102143883705139
0.5956335067749023	-0.5103963613510132
0.5952238440513611	-0.5105831623077393
0.5948463082313538	-0.5108160972595215
0.5944833755493164	-0.5109772682189941
0.5940675735473633	-0.5112178325653076
0.5935966372489929	-0.5113873481750488
0.5932276844978333	-0.5116164684295654
0.5928472280502319	-0.5118367671966553
0.5923953056335449	-0.5120349526405334
0.5920003056526184	-0.5121996998786926
0.5915979743003845	-0.5124086141586304
0.5911377668380737	-0.5126317143440247
0.5907700061798096	-0.5128117203712463
0.5903649926185608	-0.5129985213279724
0.5899226069450378	-0.5132417678833008
0.5894957184791565	-0.513421893119812
0.5890944004058838	-0.5135976076126099
0.5886627435684204	-0.5138322710990906
0.5882765054702759	-0.5140519142150879
0.5878322720527649	-0.5142340064048767
0.5873851180076599	-0.5143858790397644
0.5869811773300171	-0.5146108865737915
0.5865227580070496	-0.5148201584815979
0.5860815644264221	-0.5150648951530457
0.5856735706329346	-0.515304446220398
0.5852288007736206	-0.5154638290405273
0.5848385691642761	-0.5156487822532654
0.5843726992607117	-0.5158512592315674
0.5839393734931946	-0.5160360932350159
0.5835124254226685	-0.5162583589553833
0.5830928087234497	-0.5164756774902344
0.5826774835586548	-0.5166293382644653
0.5822156667709351	-0.5168581604957581
0.5817458629608154	-0.5170676708221436
0.5813397169113159	-0.5172479152679443
0.5808272957801819	-0.5174365043640137
0.5804350972175598	-0.5176379680633545
0.5800018310546875	-0.5178368091583252
0.5795451402664185	-0.51805579662323
0.5790996551513672	-0.5182629823684692
0.5786556005477905	-0.518432080745697
0.5781760811805725	-0.5186887383460999
0.5777215957641602	-0.5188786387443542
0.5772929191589355	-0.51908940076828
0.5768364071846008	-0.5192422866821289
0.5763483047485352	-0.5194769501686096
0.5758883357048035	-0.5196773409843445
0.5754724144935608	-0.5198563933372498
0.5750184655189514	-0.5200600624084473
0.5745609998703003	-0.5202662944793701
0.5740433931350708	-0.5204298496246338
0.5736232995986938	-0.5206691026687622
0.5731751918792725	-0.5208492279052734
0.572699785232544	-0.5210567116737366
0.572234034538269	-0.5212758779525757
0.5718063712120056	-0.5214604139328003
0.5712969303131104	-0.5216448903083801
0.5708202719688416	-0.5218621492385864
0.5703397393226624	-0.5220723748207092
0.5698572397232056	-0.5222704410552979
0.5693613290786743	-0.5224989056587219
0.5689356923103333	-0.5226541757583618
0.5684261322021484	-0.5228779911994934
0.5679293274879456	-0.5230931639671326
0.5674908757209778	-0.523276150226593
0.5670345425605774	-0.5234846472740173
0.5665243864059448	-0.5236940383911133
0.5660586953163147	-0.5238518118858337
0.5655590295791626	-0.5240836143493652
0.5650463700294495	-0.5242623090744019
0.5645585060119629	-0.524459719657898
0.5640661120414734	-0.5246352553367615
0.5636024475097656	-0.5248611569404602
0.5630959868431091	-0.5250298976898193
0.562602162361145	-0.5252442955970764
0.5621185898780823	-0.5254315137863159
0.5616140365600586	-0.5256171822547913
0.5611144304275513	-0.5258378982543945
0.5606250762939453	-0.5260026454925537
0.5601661205291748	-0.5262174606323242
0.5595960021018982	-0.5264295339584351
0.5591073632240295	-0.5266138315200806
0.5586025714874268	-0.5267857313156128
0.5581271052360535	-0.5270044803619385
0.557574987411499	-0.5272054672241211
0.5570452213287354	-0.5274435877799988
0.556553065776825	-0.5276002883911133
0.5560557842254639	-0.5278136730194092
0.5555341839790344	-0.5279809236526489
0.5550335645675659	-0.5281897187232971
0.55450439453125	-0.52838534116745
0.5539748072624207	-0.5285531282424927
0.5534842610359192	-0.5287265181541443
0.5529425144195557	-0.5289309024810791
0.5524255037307739	-0.5291514992713928
0.5519145727157593	-0.529348611831665
0.5513749718666077	-0.5295224189758301
0.5508356094360352	-0.5297061800956726
0.5503120422363281	-0.529910683631897
0.549786388874054	-0.5300748348236084
0.5492208003997803	-0.5302716493606567
0.5487335920333862	-0.5304566025733948
0.5481709241867065	-0.5306563377380371
0.547667920589447	-0.5308716893196106
0.5470761060714722	-0.5310496091842651
0.546549916267395	-0.5312841534614563
0.5460101962089539	-0.5314392447471619
0.5454376339912415	-0.5316023230552673
0.5449542999267578	-0.5317808389663696
0.5443812608718872	-0.5320146083831787
0.5438632369041443	-0.5321964025497437
0.5433032512664795	-0.5323418378829956
0.5427330136299133	-0.5325626730918884
0.5421876907348633	-0.5327707529067993
0.5416388511657715	-0.5329222083091736
0.541067898273468	-0.5331398248672485
0.5404993891716003	-0.5333402156829834
0.5399238467216492	-0.5334880948066711
0.539402186870575	-0.5336827039718628
0.5388755202293396	-0.5338633060455322
0.5382660627365112	-0.5340464115142822
0.5376845002174377	-0.5342779159545898
0.5371484160423279	-0.5344409942626953
0.5365729331970215	-0.5346131324768066
0.5360227823257446	-0.5347792506217957
0.5354517102241516	-0.5349842309951782
0.5348380208015442	-0.5351751446723938
0.5342943668365479	-0.5353639125823975
0.5337004065513611	-0.5355347394943237
0.5331054925918579	-0.535717785358429
0.5325830578804016	-0.5358858108520508
0.5320104956626892	-0.5360666513442993
0.5313933491706848	-0.5362491607666016
0.5307794809341431	-0.5364570617675781
0.530228316783905	-0.5366119146347046
0.5296415090560913	-0.5367838740348816
0.529050350189209	-0.5369781851768494
0.528434157371521	-0.5371285676956177
0.5278264284133911	-0.5373347401618958
0.5272431373596191	-0.5375195741653442
0.5266427993774414	-0.5376733541488647
0.5260312557220459	-0.5378579497337341
0.5254462957382202	-0.5380439758300781
0.5248408317565918	-0.5382014513015747
0.5242564082145691	-0.5383868217468262
0.5236231684684753	-0.538556694984436
0.5230064988136292	-0.538692831993103
0.52237868309021	-0.5389131307601929
0.5217666029930115	-0.5390716791152954
0.521142303943634	-0.5392642021179199
0.5205647349357605	-0.5394026041030884
0.5199340581893921	-0.53960120677948
0.5192986726760864	-0.539779007434845
0.5186665058135986	-0.5399894118309021
0.518069326877594	-0.5401316285133362
0.517449676990509	-0.5402992367744446
0.5167818069458008	-0.5404543876647949
0.516185998916626	-0.5406299829483032
0.515539288520813	-0.540823757648468
0.5149080753326416	-0.5409850478172302
0.5142991542816162	-0.5411099195480347
0.5136451125144958	-0.541271448135376
0.5130122303962708	-0.5414522886276245
0.5123624205589294	-0.5416533350944519
0.5117206573486328	-0.5417654514312744
0.5110601186752319	-0.541973888874054
0.5104117393493652	-0.5421630144119263
0.5098052024841309	-0.5422921180725098
0.509145975112915	-0.5424618124961853
0.508512556552887	-0.5426155924797058
0.507786750793457	-0.5427664518356323
0.5072054266929626	-0.542958676815033
0.5065252184867859	-0.5431441068649292
0.5058598518371582	-0.5432993769645691
0.5051584839820862	-0.5434016585350037
0.504517138004303	-0.5435866117477417
0.503866970539093	-0.5437105894088745
0.5031988620758057	-0.5439321994781494
0.5025600790977478	-0.5440671443939209
0.5018680095672607	-0.5442168712615967
0.5011462569236755	-0.5444103479385376
0.5005031824111938	-0.5445318222045898
0.49985364079475403	-0.5446314811706543
0.4991162121295929	-0.5448358654975891
0.4984186887741089	-0.5449697375297546
0.497764527797699	-0.5451228618621826
0.4970794916152954	-0.5453056693077087
0.4964360296726227	-0.5454583168029785
0.49569734930992126	-0.5455775260925293
0.495000958442688	-0.5457643866539001
0.49433422088623047	-0.5458798408508301
0.4936058521270752	-0.5460560917854309
0.4929279088973999	-0.5461671352386475
0.49223047494888306	-0.5463552474975586
0.4914993643760681	-0.5464651584625244
0.49079447984695435	-0.5466238260269165
0.4900883436203003	-0.546781599521637
0.48933470249176025	-0.546890139579773
0.488669753074646	-0.5470354557037354
0.48794886469841003	-0.5471847057342529
0.48724567890167236	-0.5472967624664307
0.48652514815330505	-0.5474632382392883
0.4858257472515106	-0.5475860238075256
0.4850826859474182	-0.5477007627487183
0.4843461215496063	-0.5478600859642029
0.48359405994415283	-0.5479933023452759
0.48288869857788086	-0.5481123924255371
0.4822031259536743	-0.5482509732246399
0.4814339280128479	-0.5483893156051636
0.4807286858558655	-0.5485395789146423
0.4800092875957489	-0.5486752390861511
0.4792141914367676	-0.5487977862358093
0.478485643863678	-0.5488846302032471
0.47780513763427734	-0.5490515828132629
0.47699761390686035	-0.54916912317276
0.4761999249458313	-0.5492885708808899
0.47554582357406616	-0.5494070053100586
0.47473469376564026	-0.5495787262916565
0.47398197650909424	-0.5496973395347595
0.47323110699653625	-0.5497879385948181
0.4724847972393036	-0.5499114990234375
0.47171086072921753	-0.550044059753418
0.47100335359573364	-0.5501347780227661
0.47022345662117004	-0.5502744317054749
0.46939846873283386	-0.5503756999969482
0.4686625301837921	-0.5504953861236572
0.4678853750228882	-0.5506137609481812
0.4670812487602234	-0.5507397055625916
0.4662691056728363	-0.5508241057395935
0.4655500650405884	-0.550902247428894
0.46474573016166687	-0.5510532855987549
0.46393731236457825	-0.5511348247528076
0.463198184967041	-0.5512458086013794
0.46238696575164795	-0.5513579249382019
0.4616135358810425	-0.5515025854110718
0.46081650257110596	-0.5515626668930054
0.45998409390449524	-0.5516809821128845
0.4591812789440155	-0.5517684817314148
0.45842716097831726	-0.5518931150436401
0.45758938789367676	-0.5519807934761047
0.45677345991134644	-0.5520976781845093
0.456013023853302	-0.5521807670593262
0.4551932215690613	-0.5522687435150146
0.4543352425098419	-0.5523725152015686
0.4535975158214569	-0.5524925589561462
0.4527261257171631	-0.5525400638580322
0.4518886208534241	-0.5526415109634399
0.4511329233646393	-0.5527334809303284
0.4502546191215515	-0.5527741312980652
0.4494129419326782	-0.5528576970100403
0.4485901892185211	-0.5529546737670898
0.4477614760398865	-0.5530303716659546
0.44694751501083374	-0.553143322467804
0.44606858491897583	-0.553200364112854
0.44529178738594055	-0.5532611012458801
0.44438162446022034	-0.5533418655395508
0.4435765743255615	-0.5534552335739136
0.4427272379398346	-0.553473711013794
0.44187629222869873	-0.5535606741905212
0.4409691095352173	-0.5536004304885864
0.4401434063911438	-0.5537258386611938
0.439311683177948	-0.5537669658660889
0.43844592571258545	-0.5538432598114014
0.4375390410423279	-0.5538809299468994
0.4367278814315796	-0.5539652109146118
0.43586477637290955	-0.5539931654930115
0.434985876083374	-0.5540838837623596
0.43413934111595154	-0.5541207194328308
0.4332205057144165	-0.5541995167732239
0.43235915899276733	-0.5542553663253784
0.43148282170295715	-0.5542908906936646
0.43059760332107544	-0.5543500185012817
0.42973509430885315	-0.5543844103813171
0.4288254976272583	-0.5544139742851257
0.4279501736164093	-0.5545152425765991
0.4270654618740082	-0.5545153021812439
0.4261649250984192	-0.5545420050621033
0.4252486228942871	-0.5546236038208008
0.42434537410736084	-0.5546625256538391
0.42347967624664307	-0.5546795129776001
0.4225243031978607	-0.5546814203262329
0.4216322898864746	-0.5547444820404053
0.4207259714603424	-0.5547925233840942
0.41981229186058044	-0.5547869205474854
0.418922483921051	-0.5548468232154846
0.4179777503013611	-0.5548354983329773
0.4170156419277191	-0.5548851490020752
0.41611191630363464	-0.5549006462097168
0.4152001738548279	-0.5548871755599976
0.41421249508857727	-0.5549658536911011
0.4133266508579254	-0.5549350380897522
0.4123929738998413	-0.5549572706222534
0.4114423096179962	-0.554977297782898
0.4105135202407837	-0.5549827218055725
0.40955790877342224	-0.5549919605255127
0.4085825979709625	-0.5550075173377991
0.4076760709285736	-0.5549852252006531
0.4067166745662689	-0.5549856424331665
0.4057517349720001	-0.5550189018249512
0.40480825304985046	-0.5550064444541931
0.40385186672210693	-0.5549629330635071
0.4028821587562561	-0.5549890398979187
0.40192675590515137	-0.5549585819244385
0.4010063111782074	-0.5549432039260864
0.39997389912605286	-0.5549248456954956
0.399014949798584	-0.5549231171607971
0.3980567157268524	-0.5548523664474487
0.39705511927604675	-0.5548676252365112
0.39604872465133667	-0.5548126697540283
0.3950493633747101	-0.5548140406608582
0.39408332109451294	-0.5547946691513062
0.39311763644218445	-0.5547233819961548
0.3921166956424713	-0.5547021627426147
0.39108893275260925	-0.5546596050262451
0.390113890171051	-0.554624617099762
0.38913828134536743	-0.5545768141746521
0.38813096284866333	-0.5545487999916077
0.3871031403541565	-0.5544993281364441
0.38612625002861023	-0.5544436573982239
0.3850674629211426	-0.554391622543335
0.3840346336364746	-0.5543431043624878
0.38304904103279114	-0.5542747974395752
0.3819984793663025	-0.5542017221450806
0.3809836506843567	-0.5541703701019287
0.38002780079841614	-0.5540692210197449
0.37896111607551575	-0.5540336966514587
0.37789392471313477	-0.5539184212684631
0.37687480449676514	-0.5539015531539917
0.3757924437522888	-0.5538238883018494
0.3748019337654114	-0.5536987781524658
0.37380605936050415	-0.5536625385284424
0.3726518452167511	-0.553540825843811
0.37163951992988586	-0.553422212600708
0.37063413858413696	-0.553373396396637
0.369528591632843	-0.5532970428466797
0.3684554994106293	-0.5531904697418213
0.36750656366348267	-0.5530694127082825
0.36636728048324585	-0.552952766418457
0.36525431275367737	-0.5528751611709595
0.3642476499080658	-0.5527752041816711
0.36316001415252686	-0.5526760220527649
0.3620244264602661	-0.5525585412979126
0.36102205514907837	-0.552418053150177
0.35990095138549805	-0.5522966384887695
0.35874107480049133	-0.5521247982978821
0.35777756571769714	-0.5520153641700745
0.35661715269088745	-0.5519230961799622
0.35549113154411316	-0.5517497062683105
0.35450252890586853	-0.5516220927238464
0.3533165752887726	-0.5514780879020691
0.3522420823574066	-0.5513167381286621
0.35116860270500183	-0.5511474609375
0.35005199909210205	-0.5510523319244385
0.3489331007003784	-0.5508925318717957
0.3478255569934845	-0.5507329106330872
0.3467457890510559	-0.5505840182304382
0.3456132113933563	-0.5504398941993713
0.3444507420063019	-0.5502445697784424
0.34332171082496643	-0.5500702857971191
0.34216785430908203	-0.5498883724212646
0.34110841155052185	-0.5497208833694458
0.33994269371032715	-0.5495719909667969
0.3388028144836426	-0.5493103265762329
0.3376633822917938	-0.549180805683136
0.33654001355171204	-0.5490109324455261
0.3353502154350281	-0.5487891435623169
0.33426952362060547	-0.5485774278640747
0.3330497741699219	-0.5483710169792175
0.33189478516578674	-0.5481699109077454
0.33082324266433716	-0.5479583144187927
0.32962995767593384	-0.5477453470230103
0.32849299907684326	-0.5475224256515503
0.32731637358665466	-0.5472784042358398
0.3261800706386566	-0.5470660924911499
0.3249751925468445	-0.5468354821205139
0.3238281011581421	-0.5465823411941528
0.322616308927536	-0.5463382005691528
0.3214793801307678	-0.5461283922195435
0.3202653229236603	-0.5458396673202515
0.31912097334861755	-0.5455964803695679
0.31787025928497314	-0.5453541278839111
0.3166709244251251	-0.5450943112373352
0.3155427575111389	-0.5447864532470703
0.3143032193183899	-0.5445683002471924
0.3130871057510376	-0.5442760586738586
0.3119180202484131	-0.5439960956573486
0.3107335567474365	-0.5437172651290894
0.3095088005065918	-0.5434366464614868
0.3083142936229706	-0.5431112051010132
0.3071068525314331	-0.5428480505943298
0.30589544773101807	-0.5425654053688049
0.30466753244400024	-0.5422235131263733
0.3034581243991852	-0.5419502258300781
0.3022044599056244	-0.5416004657745361
0.30099737644195557	-0.5412966012954712
0.2997956871986389	-0.5410041809082031
0.29853805899620056	-0.5406770706176758
0.29733267426490784	-0.5402936339378357
0.2960778772830963	-0.5400068759918213
0.2948591411113739	-0.5396296381950378
0.2936096787452698	-0.5393078327178955
0.2923797369003296	-0.5389388799667358
0.2911224961280823	-0.5385670065879822
0.28987687826156616	-0.538236677646637
0.2886456549167633	-0.5379133224487305
0.2873572111129761	-0.537520706653595
0.28612643480300903	-0.5371285080909729
0.28486353158950806	-0.536755383014679
0.2835794687271118	-0.5363931655883789
0.28231939673423767	-0.5359511375427246
0.2811242341995239	-0.5355736017227173
0.27983328700065613	-0.5351837873458862
0.27855515480041504	-0.5347312688827515
0.277241587638855	-0.5343918800354004
0.2760266065597534	-0.5339633822441101
0.27474257349967957	-0.5335017442703247
0.27351486682891846	-0.5331019163131714
0.2722075879573822	-0.5326735973358154
0.27088218927383423	-0.5322257280349731
0.2696059048175812	-0.5318169593811035
0.268353670835495	-0.531343936920166
0.2669873833656311	-0.5309004783630371
0.2657633125782013	-0.5304451584815979
0.2644587457180023	-0.5299398899078369
0.2631263732910156	-0.5294827818870544
0.26186856627464294	-0.5290474891662598
0.26056256890296936	-0.528523325920105
0.25922101736068726	-0.5280246734619141
0.2579456567764282	-0.5275182127952576
0.25661009550094604	-0.5270678997039795
0.25529012084007263	-0.5264877676963806
0.2540191113948822	-0.5260019898414612
0.252701997756958	-0.5255167484283447
0.25134986639022827	-0.5249336957931519
0.25005418062210083	-0.5244550108909607
0.24873985350131989	-0.5239249467849731
0.2473781406879425	-0.5233802795410156
0.2460756003856659	-0.5228172540664673
0.244778111577034	-0.5222517848014832
0.24344485998153687	-0.5216952562332153
0.2420797049999237	-0.5211107134819031
0.2407558113336563	-0.5205835103988647
0.23941995203495026	-0.5199702978134155
0.2380843609571457	-0.5193679332733154
0.2367383986711502	-0.5188279151916504
0.23539701104164124	-0.5182387828826904
0.23408645391464233	-0.5175654888153076
0.23271526396274567	-0.5170455574989319
0.23134946823120117	-0.5163515210151672
0.23000982403755188	-0.5157495737075806
0.2286684215068817	-0.5151349306106567
0.22733642160892487	-0.5144754648208618
0.22595684230327606	-0.513847827911377
0.22462938725948334	-0.5131587982177734
0.2232578843832016	-0.5125226378440857
0.22188778221607208	-0.5118663311004639
0.22051578760147095	-0.5111674666404724
0.21917714178562164	-0.5105148553848267
0.21780754625797272	-0.5098071694374084
0.2164711058139801	-0.5091143250465393
0.21509957313537598	-0.5084248185157776
0.21372535824775696	-0.5076971054077148
0.21236854791641235	-0.5070154666900635
0.21098032593727112	-0.5062971115112305
0.20962023735046387	-0.5055525302886963
0.20824262499809265	-0.5048434138298035
0.2069169133901596	-0.5040349364280701
0.20549695193767548	-0.5032864212989807
0.2041197270154953	-0.5025841593742371
0.20275098085403442	-0.5018192529678345
0.20132818818092346	-0.5010482668876648
0.19999729096889496	-0.5002642869949341
0.19858863949775696	-0.49946650862693787
0.19720487296581268	-0.49868008494377136
0.19586259126663208	-0.497883677482605
0.19444124400615692	-0.497060626745224
0.19309978187084198	-0.49625056982040405
0.1916707456111908	-0.49541711807250977
0.19031886756420135	-0.49459806084632874
0.18890142440795898	-0.4937291443347931
0.18752509355545044	-0.4929058849811554
0.1861526072025299	-0.49204131960868835
0.1847432404756546	-0.4911600649356842
0.18334953486919403	-0.4902971684932709
0.18197865784168243	-0.48940590023994446
0.18061348795890808	-0.48854419589042664
0.17921006679534912	-0.48763149976730347
0.17783281207084656	-0.4867418110370636
0.176416277885437	-0.4858306348323822
0.17503713071346283	-0.4848848879337311
0.1736190915107727	-0.48398488759994507
0.17223381996154785	-0.4830622673034668
0.17080716788768768	-0.4821082055568695
0.16943509876728058	-0.48111340403556824
0.16805875301361084	-0.4802004396915436
0.16665612161159515	-0.47918006777763367
0.16525085270404816	-0.47824007272720337
0.1638755351305008	-0.4772709310054779
0.16252656280994415	-0.476248562335968
0.16105522215366364	-0.47528335452079773
0.15971678495407104	-0.4742274582386017
0.1583234965801239	-0.47324100136756897
0.1568938046693802	-0.47222375869750977
0.15554343163967133	-0.47116580605506897
0.15415282547473907	-0.4701443612575531
0.1527586132287979	-0.4690477252006531
0.15137824416160583	-0.4679901599884033
0.1499696671962738	-0.4669547379016876
0.14857806265354156	-0.4658444821834564
0.1471855789422989	-0.4647815227508545
0.14578627049922943	-0.4637049436569214
0.14441095292568207	-0.46253180503845215
0.14302077889442444	-0.4614841043949127
0.14164458215236664	-0.4603453576564789
0.14025184512138367	-0.459189772605896
0.13883072137832642	-0.4580445885658264
0.13752248883247375	-0.4568968117237091
0.1360892802476883	-0.45573219656944275
0.13473942875862122	-0.45455867052078247
0.13333038985729218	-0.4533841609954834
0.1319776326417923	-0.4521862864494324
0.13060550391674042	-0.45103442668914795
0.12919814884662628	-0.44978469610214233
0.12788298726081848	-0.44856172800064087
0.1265074908733368	-0.447330117225647
0.12510225176811218	-0.44615447521209717
0.12378038465976715	-0.4448469877243042
0.1223716288805008	-0.44360363483428955
0.12105021625757217	-0.4423666298389435
0.11969488859176636	-0.44111618399620056
0.11825530230998993	-0.4397987425327301
0.11696874350309372	-0.43848833441734314
0.11561176925897598	-0.437165230512619
0.11424940824508667	-0.4358888566493988
0.11292999237775803	-0.434533029794693
0.1115245595574379	-0.4332232177257538
0.11023744940757751	-0.4319215714931488
0.10889497399330139	-0.4305238127708435
0.10750170052051544	-0.429198294878006
0.10621673613786697	-0.42788422107696533
0.10488492250442505	-0.426443487405777
0.10347449034452438	-0.42505285143852234
0.10220202803611755	-0.4236997663974762
0.10085804760456085	-0.4222773015499115
0.09955696761608124	-0.4208405017852783
0.0982397049665451	-0.41940197348594666
0.09694012999534607	-0.4180331826210022
0.09563577175140381	-0.41657036542892456
0.09426429867744446	-0.4150782823562622
0.09300363808870316	-0.4136413335800171
0.09172846376895905	-0.41210073232650757
0.09035241603851318	-0.41064512729644775
0.08915219455957413	-0.4091836214065552
0.08785946667194366	-0.4076847434043884
0.08648846298456192	-0.4061782956123352
0.08528176695108414	-0.40469205379486084
0.08397050946950912	-0.40311184525489807
0.08268190920352936	-0.4015685021877289
0.08144708722829819	-0.40003982186317444
0.08019610494375229	-0.39850324392318726
0.07892555743455887	-0.39692389965057373
0.07765934616327286	-0.3953135311603546
0.07640338689088821	-0.39377066493034363
0.07517652958631516	-0.3921683430671692
0.07392208278179169	-0.3905503749847412
0.07271622866392136	-0.3889250159263611
0.07146192342042923	-0.3872753977775574
0.07022388279438019	-0.38565483689308167
0.06903515756130219	-0.3839682638645172
0.06781043112277985	-0.38234585523605347
0.06660370528697968	-0.38070884346961975
0.06541606783866882	-0.3789868950843811
0.06418386101722717	-0.3773278594017029
0.06297950446605682	-0.3756379187107086
0.06182900816202164	-0.373911052942276
0.06061415746808052	-0.37222665548324585
0.05944293737411499	-0.3705233633518219
0.058271199464797974	-0.36872076988220215
0.057095687836408615	-0.36701077222824097
0.05597078055143356	-0.3652440905570984
0.05479498207569122	-0.3635386526584625
0.053647544234991074	-0.36176371574401855
0.052541639655828476	-0.3599461019039154
0.05137587711215019	-0.35818344354629517
0.050287142395973206	-0.35639163851737976
0.04917124658823013	-0.35454896092414856
0.04805590957403183	-0.35276728868484497
0.046961233019828796	-0.3508823812007904
0.045879513025283813	-0.3490642309188843
0.04472111165523529	-0.3472084403038025
0.04367314279079437	-0.34537211060523987
0.04259549826383591	-0.3435245752334595
0.041511889547109604	-0.34159624576568604
0.04045089706778526	-0.33971959352493286
0.039422743022441864	-0.33781689405441284
0.03841511532664299	-0.33589357137680054
0.037371471524238586	-0.3339737057685852
0.036301158368587494	-0.3320642113685608
0.035363584756851196	-0.3300909996032715
0.034364406019449234	-0.3281196355819702
0.03337360545992851	-0.32617732882499695
0.03233383223414421	-0.32421183586120605
0.03133764490485191	-0.32226791977882385
0.030393492430448532	-0.320291131734848
0.029477503150701523	-0.31826186180114746
0.02850436605513096	-0.31628403067588806
0.02755800634622574	-0.31422901153564453
0.02664155326783657	-0.31223225593566895
0.02566193975508213	-0.31021827459335327
0.024646185338497162	-0.30822044610977173
0.023896608501672745	-0.30609598755836487
0.022962920367717743	-0.3040826916694641
0.02206394076347351	-0.30198758840560913
0.021117335185408592	-0.2999522089958191
0.020266050472855568	-0.2978340685367584
0.019422799348831177	-0.29576995968818665
0.018539370968937874	-0.29368898272514343
0.017713066190481186	-0.2915886640548706
0.016862019896507263	-0.2894764542579651
0.016005314886569977	-0.28734877705574036
0.015191354788839817	-0.2852446436882019
0.014369464479386806	-0.28310948610305786
0.013562249019742012	-0.28092607855796814
0.01277909055352211	-0.27881306409835815
0.01201898418366909	-0.2766362726688385
0.011260119266808033	-0.2744516432285309
0.010470538400113583	-0.27228844165802
0.009698009118437767	-0.2701246738433838
0.00899365171790123	-0.2679351568222046
0.00826976913958788	-0.265733540058136
0.00752560468390584	-0.263511061668396
0.006822558119893074	-0.26129674911499023
0.006118860561400652	-0.25907644629478455
0.005453846883028746	-0.2568551301956177
0.004755081608891487	-0.2546190619468689
0.0040929485112428665	-0.25236302614212036
0.0034441789612174034	-0.25015270709991455
0.0028019817546010017	-0.24784928560256958
0.0021540196612477303	-0.24560204148292542
0.0015599859179928899	-0.2433263510465622
0.0009130534017458558	-0.24105346202850342
0.00035300792660564184	-0.238746777176857
-0.00021454220404848456	-0.23648366332054138
-0.0008065878064371645	-0.23416592180728912
-0.0013679384719580412	-0.2318674623966217
-0.0018775621429085732	-0.22954300045967102
-0.0024282215163111687	-0.22723563015460968
-0.002943318570032716	-0.2249043881893158
-0.0034575574100017548	-0.22255423665046692
-0.003957705572247505	-0.22023048996925354
-0.004430126864463091	-0.21791037917137146
-0.0049132429994642735	-0.21554872393608093
-0.005360283888876438	-0.21318617463111877
-0.005820554215461016	-0.21080422401428223
-0.006230322644114494	-0.2084682583808899
-0.006665145047008991	-0.2060876041650772
-0.007065112236887217	-0.2037244439125061
-0.007464278023689985	-0.2013305425643921
-0.00783541239798069	-0.19893749058246613
-0.008200494572520256	-0.1965443342924118
-0.008584560826420784	-0.19414034485816956
-0.008882635273039341	-0.19174863398075104
-0.00923155341297388	-0.18933981657028198
-0.009526044130325317	-0.18693748116493225
-0.009831679984927177	-0.18450558185577393
-0.01012458186596632	-0.1820807307958603
-0.010397784411907196	-0.1796351820230484
-0.01064166147261858	-0.17720501124858856
-0.010888975113630295	-0.17477168142795563
-0.01112096756696701	-0.1723518967628479
-0.011308006010949612	-0.16990958154201508
-0.011515756137669086	-0.16744203865528107
-0.011700648814439774	-0.16500146687030792
-0.011902234517037868	-0.1625565141439438
-0.012054703198373318	-0.16011030972003937
-0.012194667011499405	-0.15765823423862457
-0.012340297922492027	-0.1551605463027954
-0.012442306615412235	-0.15271523594856262
-0.012531154789030552	-0.15023769438266754
-0.012641469947993755	-0.1477617770433426
-0.012686758302152157	-0.14529865980148315
-0.01277137827128172	-0.1428007185459137
-0.012801546603441238	-0.14035114645957947
-0.012827076017856598	-0.1378776580095291
-0.012851573526859283	-0.13539348542690277
-0.01283341646194458	-0.13287541270256042
-0.012832325883209705	-0.1303989142179489
-0.01278672181069851	-0.12790021300315857
-0.012747475877404213	-0.12541134655475616
-0.012692630290985107	-0.122918039560318
-0.012616662308573723	-0.12044820189476013
-0.012502197176218033	-0.1179669201374054
-0.012440277263522148	-0.11541038751602173
-0.012327662669122219	-0.11293945461511612
-0.01216945331543684	-0.11042845249176025
-0.012001617811620235	-0.10793724656105042
-0.011866928078234196	-0.10543707758188248
-0.011719247326254845	-0.10293101519346237
-0.011485463008284569	-0.10044104605913162
-0.011258397251367569	-0.0979376882314682
-0.011044871993362904	-0.0954408347606659
-0.010816916823387146	-0.09294898808002472
-0.010558326728641987	-0.09047909826040268
-0.010283882729709148	-0.0879260003566742
-0.010009471327066422	-0.08544608950614929
-0.009690609760582447	-0.08296215534210205
-0.009396448731422424	-0.08043866604566574
-0.009061461314558983	-0.0779152438044548
-0.008725429885089397	-0.07544698566198349
-0.0083613945171237	-0.07295472174882889
-0.007975433021783829	-0.07047013938426971
-0.007591560482978821	-0.06796836107969284
-0.007177308201789856	-0.06548256427049637
-0.0067497678101062775	-0.06297774612903595
-0.006334339734166861	-0.060513935983181
-0.005876367911696434	-0.058009594678878784
-0.005417538806796074	-0.055520206689834595
-0.004930050112307072	-0.053068242967128754
-0.0044519612565636635	-0.05057114362716675
-0.003923723939806223	-0.048084747046232224
-0.003391859820112586	-0.045642513781785965
-0.0028664551209658384	-0.04317396879196167
-0.0023185862228274345	-0.040726158767938614
-0.0017278236337006092	-0.03824128583073616
-0.001122265704907477	-0.03578469157218933
-0.0005554971285164356	-0.03332581743597984
6.265963747864589e-05	-0.030881250277161598
0.0006978014716878533	-0.02844644896686077
0.0013294215314090252	-0.02594849467277527
0.0019986797124147415	-0.023547817021608353
0.002688247710466385	-0.02108377031981945
0.0033491882495582104	-0.018664415925741196
0.004087112378329039	-0.01622137241065502
0.004813131410628557	-0.013789665885269642
0.005505411885678768	-0.011364771053195
0.0062750293873250484	-0.008944346569478512
0.007037446368485689	-0.006543145515024662
0.0077811917290091515	-0.004115198738873005
0.008617346175014973	-0.0017232787795364857
0.009406952187418938	0.0006377185927703977
0.010225778445601463	0.0030336296185851097
0.011044573038816452	0.005439823493361473
0.01191349234431982	0.00779922679066658
0.012739231809973717	0.01020042970776558
0.013636818155646324	0.012541031464934349
0.014484936371445656	0.014892504550516605
0.01542695239186287	0.017272399738430977
0.016344541683793068	0.01959400437772274
0.017254523932933807	0.02194640226662159
0.018224289640784264	0.024276312440633774
0.01918657496571541	0.02659803442656994
0.020144376903772354	0.028955891728401184
0.021149206906557083	0.031287964433431625
0.02211783081293106	0.03358137235045433
0.023135198280215263	0.0358848012983799
0.024163868278265	0.038147468119859695
0.025202706456184387	0.04045924171805382
0.026249200105667114	0.042742688208818436
0.02733314409852028	0.04500403627753258
0.028367703780531883	0.04724438115954399
0.029471438378095627	0.04952680319547653
0.03057265654206276	0.05177798494696617
0.031716372817754745	0.05402609333395958
0.03283628821372986	0.056280456483364105
0.03398529812693596	0.05845186859369278
0.03511140123009682	0.06071047857403755
0.036299340426921844	0.06291565299034119
0.037468500435352325	0.06511098146438599
0.038630690425634384	0.06730969250202179
0.03987758979201317	0.0695021003484726
0.041099511086940765	0.0716528594493866
0.04230871796607971	0.07384493201971054
0.04355333745479584	0.07599141448736191
0.044822778552770615	0.07815174013376236
0.04604654386639595	0.08028463274240494
0.04734914004802704	0.0824132189154625
0.04860837012529373	0.08453281968832016
0.04991539567708969	0.08664733171463013
0.051246482878923416	0.08873990178108215
0.05253656208515167	0.09084000438451767
0.05386922135949135	0.09292185306549072
0.05520845204591751	0.09496429562568665
0.05654945969581604	0.0970793068408966
0.0579163059592247	0.09912560880184174
0.05931318923830986	0.10114136338233948
0.0606694258749485	0.10318539291620255
0.06208260357379913	0.10521531850099564
0.06347977370023727	0.10721132904291153
0.06491286307573318	0.10925962775945663
0.06631213426589966	0.1112312451004982
0.06777592748403549	0.11319296807050705
0.06920462846755981	0.11521149426698685
0.07066510617733002	0.11714465171098709
0.07213035970926285	0.11909148097038269
0.0736154243350029	0.1210378035902977
0.0751027762889862	0.122929647564888
0.07660606503486633	0.1248665601015091
0.07807666808366776	0.12677115201950073
0.07959537953138351	0.12868638336658478
0.08112408220767975	0.13055457174777985
0.08266032487154007	0.13244746625423431
0.08420752733945847	0.13431258499622345
0.08574901521205902	0.13615404069423676
0.08729755133390427	0.13800686597824097
0.08886773884296417	0.13981352746486664
0.09045201539993286	0.14163924753665924
0.09204106032848358	0.1434756964445114
0.09364033490419388	0.14526249468326569
0.0952315628528595	0.1470596194267273
0.09681245684623718	0.1488114595413208
0.09846176207065582	0.1505703628063202
0.10007515549659729	0.15233856439590454
0.10171499848365784	0.1540686935186386
0.10336349159479141	0.15579545497894287
0.10501018911600113	0.15752890706062317
0.10666041076183319	0.1592298299074173
0.1083284318447113	0.1609020084142685
0.11001196503639221	0.16260236501693726
0.11165972799062729	0.16426372528076172
0.11337919533252716	0.1658942848443985
0.11504032462835312	0.16757330298423767
0.11672371625900269	0.16921399533748627
0.11846587061882019	0.17081841826438904
0.12015904486179352	0.1724354326725006
0.12186833471059799	0.1740470975637436
0.12361501157283783	0.17562048137187958
0.1253514289855957	0.1771939992904663
0.12706243991851807	0.17878636717796326
0.12879091501235962	0.18026652932167053
0.1305568516254425	0.18185627460479736
0.13230347633361816	0.18336895108222961
0.1340496838092804	0.1848846822977066
0.13582494854927063	0.18640775978565216
0.1376107931137085	0.1878635287284851
0.13940635323524475	0.18935279548168182
0.14116397500038147	0.19082866609096527
0.14295558631420135	0.19225171208381653
0.14472994208335876	0.19368942081928253
0.14651814103126526	0.1951470673084259
0.14833156764507294	0.19653712213039398
0.15012326836585999	0.19793686270713806
0.15193523466587067	0.19935545325279236
0.15375198423862457	0.20072200894355774
0.15556460618972778	0.20208187401294708
0.1573520004749298	0.20343223214149475
0.15920083224773407	0.20475444197654724
0.161066472530365	0.2061266005039215
0.16285279393196106	0.20741763710975647
0.16471095383167267	0.20870797336101532
0.16653072834014893	0.21001414954662323
0.16836078464984894	0.21130576729774475
0.17023110389709473	0.212553471326828
0.1720835566520691	0.2138233482837677
0.17393073439598083	0.2150944173336029
0.17579153180122375	0.2162916511297226
0.17764616012573242	0.21751804649829865
0.1795094609260559	0.21872654557228088
0.18137790262699127	0.2199186086654663
0.1832427978515625	0.2210921049118042
0.1851193904876709	0.22228150069713593
0.1869877278804779	0.22342883050441742
0.18885470926761627	0.2245892584323883
0.19070333242416382	0.22571519017219543
0.19260767102241516	0.22681523859500885
0.1944883167743683	0.22793793678283691
0.19643288850784302	0.22901463508605957
0.19823837280273438	0.2300950586795807
0.20012502372264862	0.23120367527008057
0.2020258605480194	0.23223018646240234
0.20395386219024658	0.23328271508216858
0.20584046840667725	0.23434226214885712
0.20769160985946655	0.23538029193878174
0.20966258645057678	0.23635202646255493
0.21157027781009674	0.23735663294792175
0.2133873850107193	0.23834346234798431
0.21529880166053772	0.23931469023227692
0.2172115296125412	0.24028512835502625
0.21920791268348694	0.24119894206523895
0.2210855484008789	0.24217167496681213
0.22290994226932526	0.2431165724992752
0.22484451532363892	0.2440071702003479
0.2267850786447525	0.24490796029567719
0.22873874008655548	0.24581564962863922
0.23064078390598297	0.24666990339756012
0.23253026604652405	0.24752166867256165
0.23449073731899261	0.24841445684432983
0.23638589680194855	0.24925479292869568
0.23824840784072876	0.2500985562801361
0.24013885855674744	0.250948041677475
0.2420342117547989	0.2517637610435486
0.24398267269134521	0.25253885984420776
0.24586346745491028	0.25334301590919495
0.2477637529373169	0.2540937662124634
0.2496306449174881	0.254873663187027
0.2515416741371155	0.2556610703468323
0.2534570097923279	0.25636160373687744
0.25531330704689026	0.2571316659450531
0.25723323225975037	0.2578704357147217
0.2591041326522827	0.25854840874671936
0.26098817586898804	0.25926077365875244
0.26286062598228455	0.25993791222572327
0.2647641897201538	0.2606581747531891
0.2666666805744171	0.2613290548324585
0.2685161828994751	0.261959046125412
0.27040767669677734	0.26263517141342163
0.2723190188407898	0.26328617334365845
0.2741416394710541	0.2638687491416931
0.2760457396507263	0.26452916860580444
0.27789321541786194	0.265133798122406
0.27977967262268066	0.2657126486301422
0.2816639542579651	0.2663082182407379
0.28353455662727356	0.2668902575969696
0.2854074239730835	0.2674502432346344
0.287267804145813	0.26802390813827515
0.28911805152893066	0.26858294010162354
0.2909712493419647	0.2691003978252411
0.2928386628627777	0.2696709632873535
0.29472827911376953	0.27014467120170593
0.2965843379497528	0.2706543207168579
0.2983900308609009	0.2711997628211975
0.30024993419647217	0.2716478407382965
0.3021302819252014	0.27209171652793884
0.3039611279964447	0.27261918783187866
0.30577540397644043	0.2730727195739746
0.30767837166786194	0.27351829409599304
0.3094901144504547	0.273989200592041
0.311284601688385	0.27442193031311035
0.3131523132324219	0.274804949760437
0.3149622678756714	0.27524927258491516
0.3167630434036255	0.27566444873809814
0.3185957372188568	0.2760183811187744
0.320425808429718	0.276432603597641
0.32223546504974365	0.2768431305885315
0.32407209277153015	0.2771201729774475
0.32590433955192566	0.27754470705986023
0.32766446471214294	0.2779194712638855
0.32948893308639526	0.27822378277778625
0.33126741647720337	0.2785562574863434
0.33306771516799927	0.27893856167793274
0.33484816551208496	0.2791764438152313
0.3366716504096985	0.27949976921081543
0.33845439553260803	0.27986395359039307
0.34018567204475403	0.28007370233535767
0.3420119881629944	0.2803521752357483
0.3437863886356354	0.28070732951164246
0.3455505967140198	0.2809072732925415
0.34733501076698303	0.2811764180660248
0.34909623861312866	0.28145045042037964
0.3508561849594116	0.2816639244556427
0.3526006042957306	0.2819420397281647
0.3543509840965271	0.28212952613830566
0.3560852110385895	0.2823723554611206
0.3578229248523712	0.2826002836227417
0.35958024859428406	0.2827276289463043
0.36133286356925964	0.2829728126525879
0.36306679248809814	0.28315460681915283
0.3648272752761841	0.2832953929901123
0.36651283502578735	0.28349947929382324
0.3682527542114258	0.2836708724498749
0.36996492743492126	0.28380173444747925
0.3716754615306854	0.28396767377853394
0.3733881115913391	0.28410065174102783
0.3751154839992523	0.28421956300735474
0.37681058049201965	0.28437185287475586
0.3784894049167633	0.28446295857429504
0.3801810145378113	0.28456807136535645
0.3818759620189667	0.2846973240375519
0.3835754692554474	0.2847728729248047
0.3852793872356415	0.28487470746040344
0.3869255781173706	0.284955233335495
0.3885885179042816	0.2850659191608429
0.39025479555130005	0.2851075530052185
0.3919202983379364	0.28514426946640015
0.3935719430446625	0.28522929549217224
0.39522629976272583	0.2852943241596222
0.39687788486480713	0.28529101610183716
0.3984987139701843	0.2853401303291321
0.4001709222793579	0.28539201617240906
0.4017867147922516	0.28538060188293457
0.4033970832824707	0.28546127676963806
0.4050239324569702	0.2854517102241516
0.40666964650154114	0.2854032516479492
0.40828585624694824	0.28542739152908325
0.40991446375846863	0.2854260802268982
0.4115176796913147	0.28539448976516724
0.41313233971595764	0.2853827476501465
0.4147389829158783	0.28533902764320374
0.41632068157196045	0.28533709049224854
0.417907178401947	0.285288542509079
0.4194844365119934	0.2852528989315033
0.421070396900177	0.28518611192703247
0.42264503240585327	0.28511568903923035
0.4242195188999176	0.2850949168205261
0.42579060792922974	0.28501254320144653
0.42736876010894775	0.2849300503730774
0.4289151728153229	0.2848508656024933
0.43045079708099365	0.28479883074760437
0.43202123045921326	0.28469347953796387
0.43352842330932617	0.28458526730537415
0.4350709319114685	0.2845040559768677
0.4366411864757538	0.2843726873397827
0.4381798207759857	0.2842644155025482
0.43968579173088074	0.28418076038360596
0.4412129521369934	0.28401806950569153
0.44267696142196655	0.28391528129577637
0.4441930055618286	0.2838360071182251
0.44569748640060425	0.2836177945137024
0.44721660017967224	0.2834702730178833
0.448721706867218	0.2833613455295563
0.4502016007900238	0.2831932604312897
0.45171046257019043	0.2830396890640259
0.4531590938568115	0.2828684449195862
0.45466679334640503	0.2826966643333435
0.45609453320503235	0.2825278639793396
0.4575643241405487	0.2823565900325775
0.45905202627182007	0.2821575999259949
0.46049219369888306	0.2820044755935669
0.4619411826133728	0.2817918062210083
0.46340277791023254	0.28160360455513
0.46481701731681824	0.2814333140850067
0.4662909209728241	0.2812141180038452
0.46768757700920105	0.2810414433479309
0.46914219856262207	0.28079932928085327
0.4705405831336975	0.2805721163749695
0.47195878624916077	0.2803812325000763
0.47339341044425964	0.2801543176174164
0.47477149963378906	0.27991509437561035
0.47620275616645813	0.27969756722450256
0.47760358452796936	0.2794643044471741
0.4789435863494873	0.27921685576438904
0.4803442060947418	0.27895209193229675
0.4817376136779785	0.27871012687683105
0.48312848806381226	0.27844926714897156
0.4844566881656647	0.27819615602493286
0.4858454167842865	0.27794933319091797
0.48724105954170227	0.27769461274147034
0.4885743260383606	0.27739861607551575
0.48994940519332886	0.2771533727645874
0.49130409955978394	0.2768646776676178
0.49261268973350525	0.2765807807445526
0.49397188425064087	0.27634069323539734
0.49533939361572266	0.2760361433029175
0.4966568052768707	0.27575063705444336
0.4979160726070404	0.2754523456096649
0.49927857518196106	0.2751752734184265
0.5005770325660706	0.274846613407135
0.5019059181213379	0.27456897497177124
0.5032061338424683	0.274275004863739
0.5044566988945007	0.27396172285079956
0.5057724118232727	0.27363038063049316
0.5070540308952332	0.2733142077922821
0.5083757042884827	0.27301666140556335
0.509646475315094	0.27267685532569885
0.5109131932258606	0.27241092920303345
0.5122097134590149	0.2720511555671692
0.5134503841400146	0.27168038487434387
0.5147373676300049	0.27141955494880676
0.515983521938324	0.27104660868644714
0.5172168612480164	0.270699143409729
0.5184875726699829	0.27039310336112976
0.5196848511695862	0.2700148820877075
0.5209421515464783	0.2696513235569
0.5222116112709045	0.26935824751853943
0.523385763168335	0.26896414160728455
0.5246173143386841	0.26861339807510376
0.5258523225784302	0.26828694343566895
0.5270603895187378	0.2678919732570648
0.5282617807388306	0.2675057053565979
0.5294626951217651	0.2671888470649719
0.530682384967804	0.2667897343635559
0.5318381190299988	0.2664112150669098
0.5330529808998108	0.26606646180152893
0.5342219471931458	0.2656608819961548
0.5354136228561401	0.26531046628952026
0.5366030335426331	0.2649780809879303
0.537781298160553	0.2645554840564728
0.5389347672462463	0.26415181159973145
0.5400807857513428	0.2637975513935089
0.5412641763687134	0.26337483525276184
0.5423942804336548	0.26298654079437256
0.5435063242912292	0.26263129711151123
0.5447132587432861	0.2621871531009674
0.5458259582519531	0.2618325352668762
0.5469436049461365	0.26140090823173523
0.5480973720550537	0.2610293924808502
0.5492151379585266	0.2606319487094879
0.5503365993499756	0.2602142095565796
0.5514383316040039	0.2597857713699341
0.5525716543197632	0.25939157605171204
0.5536309480667114	0.25897711515426636
0.5547890067100525	0.2585736811161041
0.5558587908744812	0.2581559717655182
0.5569303035736084	0.257703959941864
0.557992160320282	0.2573107182979584
0.5591388940811157	0.25689855217933655
0.5602265000343323	0.25643542408943176
0.5612673759460449	0.2560465931892395
0.562396228313446	0.2556404173374176
0.5634167790412903	0.25515350699424744
0.5644678473472595	0.2547766864299774
0.565563976764679	0.254353404045105
0.5665868520736694	0.25385844707489014
0.5676073431968689	0.2534843981266022
0.5686811804771423	0.25306862592697144
0.5696995854377747	0.25257179141044617
0.5707586407661438	0.2521558403968811
0.5718353986740112	0.2517222762107849
0.5728434920310974	0.2512485384941101
0.5738554000854492	0.2508290708065033
0.5748953223228455	0.25038811564445496
0.5759226679801941	0.2499416619539261
0.5768981575965881	0.24947859346866608
0.5779037475585938	0.24907851219177246
0.5789702534675598	0.248590886592865
0.5798908472061157	0.24811270833015442
0.5809566974639893	0.2476961314678192
0.581916093826294	0.24725404381752014
0.582885205745697	0.2467816174030304
0.5838788747787476	0.24630922079086304
0.5848771929740906	0.24588194489479065
0.5858622789382935	0.24540981650352478
0.5868213176727295	0.24495626986026764
0.587807297706604	0.24452075362205505
0.5887706875801086	0.24401120841503143
0.5897160768508911	0.24356555938720703
0.590634286403656	0.24311423301696777
0.5916349291801453	0.24267490208148956
0.5925521850585938	0.2421923726797104
0.5934869647026062	0.24171188473701477
0.5944474935531616	0.24122262001037598
0.5953769683837891	0.24075186252593994
0.5963257551193237	0.2403009533882141
0.5972363352775574	0.23982791602611542
0.5981984734535217	0.23935219645500183
0.5991109013557434	0.23888717591762543
0.6000446677207947	0.23841391503810883
0.6009231805801392	0.23790712654590607
0.6018221378326416	0.23749496042728424
0.6027430891990662	0.23697875440120697
0.6036643981933594	0.23650683462619781
0.6045516133308411	0.23601582646369934
0.6054418087005615	0.23556961119174957
0.6063212156295776	0.23504553735256195
0.6071940660476685	0.23454293608665466
0.6081417202949524	0.23414038121700287
0.6089739799499512	0.2336372584104538
0.6098931431770325	0.23312681913375854
0.6107380986213684	0.23262348771095276
0.6116076707839966	0.23220902681350708
0.6124757528305054	0.23169434070587158
0.6133407354354858	0.2311667501926422
0.6142066717147827	0.23074015974998474
0.6150534152984619	0.23022739589214325
0.6159335374832153	0.22975097596645355
0.616763174533844	0.22926433384418488
0.6176145672798157	0.22876326739788055
0.6184452176094055	0.22829294204711914
0.6192582845687866	0.22780925035476685
0.6201162934303284	0.22724111378192902
0.6209231019020081	0.22682112455368042
0.6217552423477173	0.22633768618106842
0.6225862503051758	0.22580403089523315
0.6233891248703003	0.22530411183834076
0.6242076754570007	0.22483855485916138
0.6250457763671875	0.2243381142616272
0.6258367300033569	0.2238311469554901
0.6266417503356934	0.22341249883174896
0.6274883151054382	0.22289225459098816
0.6282433271408081	0.22237282991409302
0.6290644407272339	0.22186243534088135
0.6298354864120483	0.22139541804790497
0.630623459815979	0.22087718546390533
0.6314631104469299	0.22037488222122192
0.6322442889213562	0.219919353723526
0.6330065727233887	0.21940046548843384
0.6338104009628296	0.2189076840877533
0.634577214717865	0.21841423213481903
0.6353074908256531	0.21794915199279785
0.6360582113265991	0.2174164056777954
0.636871337890625	0.2169584035873413
0.6375943422317505	0.21642644703388214
0.6383739113807678	0.215913325548172
0.6391535401344299	0.2154751867055893
0.6398563385009766	0.21489880979061127
0.6406106352806091	0.21442578732967377
0.6413699388504028	0.21395842730998993
0.6420698761940002	0.2134244740009308
0.6428592801094055	0.21289387345314026
0.6436060667037964	0.2124594748020172
0.6443029642105103	0.21189545094966888
0.645013689994812	0.21142131090164185
0.6457746028900146	0.21096430718898773
0.6464697122573853	0.21045100688934326
0.6472072601318359	0.2099471539258957
0.6479477882385254	0.20943951606750488
0.6486549377441406	0.20894676446914673
0.6493352651596069	0.2084025740623474
0.6500625610351562	0.2079324722290039
0.6507854461669922	0.2074337750673294
0.6514438986778259	0.20691156387329102
0.6521803736686707	0.206421360373497
0.6528517603874207	0.2059275060892105
0.6535438299179077	0.2053995132446289
0.6542564630508423	0.20491231977939606
0.654930591583252	0.20441484451293945
0.655601978302002	0.2039112150669098
0.6562885046005249	0.20342306792736053
0.6569814682006836	0.20292127132415771
0.6576340198516846	0.20240634679794312
0.6583316326141357	0.20190605521202087
0.6590132713317871	0.20146465301513672
0.6596541404724121	0.2009444236755371
0.6603212356567383	0.20040695369243622
0.6609922051429749	0.19993755221366882
0.661604642868042	0.19939424097537994
0.6622914671897888	0.19891616702079773
0.6629330515861511	0.19841882586479187
0.6635931730270386	0.19791299104690552
0.6642467975616455	0.19740283489227295
0.6648491621017456	0.19690968096256256
0.6655177474021912	0.1964072436094284
0.6661695837974548	0.19592159986495972
0.6668132543563843	0.1954289674758911
0.6674357056617737	0.19490104913711548
0.66804438829422	0.1944083571434021
0.6687081456184387	0.19389882683753967
0.669310450553894	0.19343072175979614
0.6699122786521912	0.19291982054710388
0.6705724000930786	0.19238172471523285
0.6711978912353516	0.19193804264068604
0.671783447265625	0.191396564245224
0.6724225878715515	0.19092543423175812
0.6729874014854431	0.19044806063175201
0.6736048460006714	0.18990299105644226
0.6742139458656311	0.18944044411182404
0.6748307943344116	0.18893218040466309
0.6754095554351807	0.1884058713912964
0.6760212779045105	0.18795055150985718
0.6766126155853271	0.1874210685491562
0.6771941781044006	0.18694807589054108
0.6778121590614319	0.1864091455936432
0.6784053444862366	0.18597689270973206
0.6789755821228027	0.18548893928527832
0.6795463562011719	0.184943288564682
0.6801564693450928	0.18449102342128754
0.6807325482368469	0.18399225175380707
0.6812263131141663	0.18346171081066132
0.6818529367446899	0.18303760886192322
0.6824260950088501	0.18249158561229706
0.682937502861023	0.18198585510253906
0.6835614442825317	0.18152204155921936
0.6841422319412231	0.18103593587875366
0.6846479773521423	0.1805173009634018
0.6852376461029053	0.18006975948810577
0.6857746243476868	0.17954814434051514
0.6863288879394531	0.17905399203300476
0.6869005560874939	0.17860740423202515
0.6874091625213623	0.17806342244148254
0.6879664063453674	0.17758527398109436
0.6885517239570618	0.17709402740001678
0.6890614628791809	0.17658449709415436
0.6896142959594727	0.1761426031589508
0.6901400089263916	0.17563316226005554
0.6906654238700867	0.1751481294631958
0.6912224888801575	0.17465591430664062
0.6917601823806763	0.17417636513710022
0.6922733187675476	0.17366530001163483
0.6927836537361145	0.1732097566127777
0.6932904124259949	0.17269787192344666
0.6938381195068359	0.17220336198806763
0.6943621635437012	0.1717710793018341
0.6948566436767578	0.17122431099414825
0.6953936815261841	0.17076802253723145
0.6959264278411865	0.17028318345546722
0.6964083909988403	0.16976967453956604
0.6969307661056519	0.16932447254657745
0.6974413990974426	0.1688452661037445
0.6979035139083862	0.16831567883491516
0.6984459161758423	0.16784721612930298
0.698947012424469	0.16741448640823364
0.6994262933731079	0.16690364480018616
0.699918806552887	0.16642732918262482
0.7004188895225525	0.16596315801143646
0.7008787989616394	0.1654447764158249
0.7013674378395081	0.16492274403572083
0.7018730044364929	0.16449807584285736
0.7023360729217529	0.1639910489320755
0.7027933597564697	0.16351446509361267
0.7033341526985168	0.1630866676568985
0.7037770748138428	0.1625862717628479
0.7042704820632935	0.16209912300109863
0.7047839164733887	0.1616620272397995
0.7052201628684998	0.1611444652080536
0.7057309746742249	0.1606423556804657
0.7061864137649536	0.1602734625339508
0.7066425681114197	0.1597040742635727
0.7071043848991394	0.15926459431648254
0.7075752019882202	0.15880192816257477
0.7080404758453369	0.1583060920238495
0.708477795124054	0.15786463022232056
0.7089331746101379	0.1573697328567505
0.7093806862831116	0.15689021348953247
0.709846556186676	0.15641441941261292
0.7102925777435303	0.15597084164619446
0.7107577919960022	0.155473530292511
0.711161732673645	0.15501655638217926
0.7116423845291138	0.1545065939426422
0.7120887041091919	0.15406233072280884
0.7125054597854614	0.15363089740276337
0.712954580783844	0.15315251052379608
0.7134247422218323	0.15267980098724365
0.7138423919677734	0.15219730138778687
0.7142527103424072	0.15171566605567932
0.7147164344787598	0.15125808119773865
0.7151333093643188	0.150773286819458
0.7155625820159912	0.15030577778816223
0.7160130739212036	0.14989659190177917
0.7164246439933777	0.14940765500068665
0.7168364524841309	0.14894096553325653
0.7172613739967346	0.1484978199005127
0.7177067399024963	0.14801180362701416
0.7180727124214172	0.147612527012825
0.718544065952301	0.1470881998538971
0.7189518213272095	0.14665746688842773
0.7193740010261536	0.14618037641048431
0.7197794318199158	0.1457037329673767
0.7201741337776184	0.14528699219226837
0.7205844521522522	0.14482806622982025
0.7210133075714111	0.1443268060684204
0.7214314937591553	0.14387670159339905
0.7218215465545654	0.14344815909862518
0.7222639322280884	0.14295166730880737
0.7226136326789856	0.1425016075372696
0.7230379581451416	0.14207243919372559
0.7234325408935547	0.14157439768314362
0.7238012552261353	0.14115668833255768
0.7242124676704407	0.1407412439584732
0.7246249914169312	0.14021402597427368
0.7250300049781799	0.13979867100715637
0.7253817915916443	0.13933852314949036
0.7257725596427917	0.13887730240821838
0.7261578440666199	0.13846980035305023
0.7265416979789734	0.13802160322666168
0.7269434332847595	0.1375373750925064
0.7272806763648987	0.13709060847759247
0.7276754975318909	0.13666749000549316
0.7280606031417847	0.13619381189346313
0.7284201979637146	0.13575100898742676
0.7288646101951599	0.13531546294689178
0.7291918396949768	0.13483746349811554
0.729559600353241	0.1344435065984726
0.7299538254737854	0.1339549422264099
0.7302999496459961	0.13353368639945984
0.7306573390960693	0.13308927416801453
0.7310372591018677	0.13262216746807098
0.7314032912254333	0.13217413425445557
0.7317841053009033	0.13175749778747559
0.7321556210517883	0.13131585717201233
0.7324374914169312	0.1308525800704956
0.7328575849533081	0.13045310974121094
0.7332159876823425	0.1299799084663391
0.7335621118545532	0.12954220175743103
0.7339203953742981	0.12910909950733185
0.7342879772186279	0.12866009771823883
0.7346001863479614	0.12822385132312775
0.7349742650985718	0.12780608236789703
0.7353253364562988	0.12733805179595947
0.7356523275375366	0.12692803144454956
0.736035168170929	0.12647825479507446
0.7363642454147339	0.12602411210536957
0.7366712093353271	0.12562647461891174
0.7370514869689941	0.1252041757106781
0.7374373078346252	0.12475667893886566
0.7377088069915771	0.12431611865758896
0.7380846738815308	0.12389856576919556
0.738394558429718	0.12344848364591599
0.7387263774871826	0.12302291393280029
0.7390828728675842	0.12258212268352509
0.7394273281097412	0.12215428799390793
0.7397470474243164	0.1217477023601532
0.7400358319282532	0.12130759656429291
0.7403861880302429	0.12089352309703827
0.7406973242759705	0.12046808004379272
0.7410243153572083	0.12001754343509674
0.7414025664329529	0.11961469799280167
0.7416858077049255	0.11918753385543823
0.7420082092285156	0.1187346950173378
0.7423173785209656	0.11833404004573822
0.7426648736000061	0.11793243885040283
0.7429743409156799	0.11747764050960541
0.743256151676178	0.11702865362167358
0.7436246275901794	0.1166694313287735
0.7439205646514893	0.11622704565525055
0.7442195415496826	0.1157771572470665
0.7445636987686157	0.11541274189949036
0.744830310344696	0.11495213210582733
0.7451828718185425	0.11455829441547394
0.7454636096954346	0.11412636935710907
0.745746910572052	0.11367516219615936
0.7460931539535522	0.11334069818258286
0.7463898062705994	0.11287561058998108
0.7466869354248047	0.11241904646158218
0.7469669580459595	0.11203660815954208
0.7472460269927979	0.1116265282034874
0.7476228475570679	0.11117520928382874
0.7478982210159302	0.11080633848905563
0.7481575012207031	0.11038342118263245
0.7484627962112427	0.10999252647161484
0.7488077282905579	0.10958456993103027
0.7490798234939575	0.10917644947767258
0.7493470907211304	0.10875578224658966
0.7496340870857239	0.10834570974111557
0.7499464750289917	0.10792960226535797
0.7502328753471375	0.10752611607313156
0.7505313158035278	0.10713479667901993
0.7508025169372559	0.10672290623188019
0.7510781288146973	0.10628806799650192
0.7514064908027649	0.10589110851287842
0.7516658902168274	0.10550300031900406
0.75193852186203	0.1050887331366539
0.7521698474884033	0.10466180741786957
0.7525229454040527	0.10426049679517746
0.7527914047241211	0.10383424162864685
0.7530499696731567	0.10349596291780472
0.7533560991287231	0.10306031256914139
0.7536076307296753	0.10267211496829987
0.7538715600967407	0.10229294747114182
0.7541326284408569	0.10184776782989502
0.7544335126876831	0.10148260742425919
0.7547129988670349	0.1010710671544075
0.7549387812614441	0.10066528618335724
0.7552549242973328	0.10030780732631683
0.7555207014083862	0.09985722601413727
0.7557125091552734	0.0994938388466835
0.7560396790504456	0.09912244230508804
0.7562962174415588	0.09869907796382904
0.7565677762031555	0.09830246865749359
0.7568384408950806	0.09793876856565475
0.7570953965187073	0.09749417006969452
0.7573353052139282	0.09708397835493088
0.7576450705528259	0.09673948585987091
0.7578463554382324	0.0963229164481163
0.7581360340118408	0.09596167504787445
0.75839763879776	0.09551052749156952
0.7586014270782471	0.09515944868326187
0.7588550448417664	0.09479858726263046
0.7591532468795776	0.09437486529350281
0.7594006657600403	0.093991719186306
0.7596338391304016	0.0936262235045433
0.7599021196365356	0.09322315454483032
0.7601449489593506	0.092813640832901
0.7604143619537354	0.09246309101581573
0.7606363296508789	0.09207025170326233
0.7608634233474731	0.09165254980325699
0.7611340284347534	0.09126311540603638
0.7613582015037537	0.09090474247932434
0.761605441570282	0.09054823964834213
0.7618567943572998	0.09014283120632172
0.7621103525161743	0.08974232524633408
0.76233971118927	0.0894065573811531
0.7625964283943176	0.08902458101511002
0.7628052830696106	0.088615283370018
0.763076663017273	0.08826232701539993
0.7633230686187744	0.08791472017765045
0.7635191082954407	0.08752133697271347
0.7638025283813477	0.08711601048707962
0.7639815807342529	0.08674827963113785
0.7642331719398499	0.08634263277053833
0.7644575834274292	0.08599501103162766
0.7646905183792114	0.08560574799776077
0.7649120688438416	0.0852164551615715
0.7651636600494385	0.08484289050102234
0.7653824090957642	0.08444388955831528
0.7656241655349731	0.08411435782909393
0.7658830881118774	0.08371606469154358
0.7660589814186096	0.0833788588643074
0.7662936449050903	0.08301032334566116
0.7664995193481445	0.08256983757019043
0.766750693321228	0.08224744349718094
0.7669835090637207	0.08187134563922882
0.7672020196914673	0.08148607611656189
0.7674179673194885	0.08116193115711212
0.7676385641098022	0.08076900243759155
0.7678449749946594	0.08038414269685745
0.7680840492248535	0.08003897964954376
0.76833575963974	0.0796666145324707
0.7685061097145081	0.07927754521369934
0.7687204480171204	0.0789235383272171
0.7689297199249268	0.07853888720273972
0.7691514492034912	0.07824108749628067
0.7693973779678345	0.07785319536924362
0.7695717215538025	0.07747539132833481
0.769804835319519	0.07710801064968109
0.7700024247169495	0.07673374563455582
0.7702041864395142	0.07641808688640594
0.7704336047172546	0.07605137676000595
0.7706328630447388	0.07564640790224075
0.7708531022071838	0.07534056901931763
0.7710656523704529	0.07495985180139542
0.7712560296058655	0.07456330955028534
0.7714341878890991	0.07425636798143387
0.7716683745384216	0.07391880452632904
0.7718802094459534	0.07352445274591446
0.7720574140548706	0.0731528028845787
0.7722823023796082	0.0728171095252037
0.772480845451355	0.07244639843702316
0.7726917862892151	0.07210789620876312
0.7729203104972839	0.07173381000757217
0.7730974555015564	0.07138495147228241
0.7732410430908203	0.07103989273309708
0.7735055088996887	0.07075811177492142
0.7736817598342896	0.07033857703208923
0.7738529443740845	0.06999897211790085
0.7740781307220459	0.06965090334415436
0.7742502689361572	0.06927579641342163
0.774467408657074	0.06895754486322403
0.7746778726577759	0.06859087198972702
0.7748479843139648	0.0682392492890358
0.7750388979911804	0.06789989769458771
0.7752586603164673	0.0675443708896637
0.7754510641098022	0.06719405204057693
0.7756072282791138	0.06682839244604111
0.7757979035377502	0.06650834530591965
0.7759740352630615	0.06619524955749512
0.7761803865432739	0.06579075008630753
0.7763693928718567	0.06542649865150452
0.7765518426895142	0.06515589356422424
0.776721179485321	0.06478165090084076
0.7769395709037781	0.06443271785974503
0.7771437168121338	0.06414047628641129
0.7772818803787231	0.06376668065786362
0.7774660587310791	0.06341098994016647
0.7776703834533691	0.06304173916578293
0.7778456211090088	0.06270952522754669
0.778001070022583	0.06236736476421356
0.7782047986984253	0.062030915170907974
0.7783785462379456	0.0617317333817482
0.7785466909408569	0.06136840954422951
0.7787718176841736	0.06102057546377182
0.7789289951324463	0.06069301441311836
0.7790914177894592	0.06034889444708824
0.7792489528656006	0.0600128173828125
0.779412567615509	0.05969840660691261
0.7796218395233154	0.05934561789035797
0.7797800898551941	0.059020571410655975
0.7799609899520874	0.05870818346738815
0.7801316380500793	0.05836273729801178
0.7802823185920715	0.05803776532411575
0.7805130481719971	0.0577431283891201
0.7806594967842102	0.05739014595746994
0.7808226943016052	0.0570506751537323
0.7809998989105225	0.0566994808614254
0.7811700105667114	0.056390680372714996
0.7813547849655151	0.056036170572042465
0.7815005779266357	0.05566529929637909
0.7816521525382996	0.05535019189119339
0.7818359136581421	0.05502104014158249
0.7819994688034058	0.05471330136060715
0.7821726202964783	0.05438642203807831
0.7823687791824341	0.05406966060400009
0.7824944853782654	0.05374321714043617
0.7826680541038513	0.05340083688497543
0.782839298248291	0.053067002445459366
0.7830021977424622	0.05273064225912094
0.7831709980964661	0.05242910236120224
0.7833348512649536	0.05210980027914047
0.7834323644638062	0.05175970494747162
0.7836363315582275	0.05148229002952576
0.7837715148925781	0.051164545118808746
0.783922553062439	0.0508236438035965
0.7841139435768127	0.050485726445913315
0.7842771410942078	0.0501653254032135
0.7844363451004028	0.04986794665455818
0.7845735549926758	0.04955214634537697
0.7847703099250793	0.04921116307377815
0.7848814725875854	0.04893678054213524
0.7850767970085144	0.04860628396272659
0.7852110862731934	0.0483040027320385
0.7853566408157349	0.04792989790439606
0.7855428457260132	0.047639429569244385
0.7856552004814148	0.04731567203998566
0.7858235239982605	0.04697877913713455
0.7859759330749512	0.04665288329124451
0.786114513874054	0.04639199376106262
0.7863085269927979	0.04606819525361061
0.7864286303520203	0.045733124017715454
0.7865681052207947	0.04542376473546028
0.7867187261581421	0.04512951523065567
0.7868634462356567	0.04477758705615997
0.7870197296142578	0.04448430985212326
0.7871170043945312	0.044166531413793564
0.7872958183288574	0.0438680425286293
0.7874647974967957	0.043580062687397
0.7875698804855347	0.04329277575016022
0.7877466678619385	0.042938537895679474
0.7879192233085632	0.04264284297823906
0.7880270481109619	0.04235486686229706
0.788173496723175	0.04201364889740944
0.7883235216140747	0.04172833263874054
0.7884625196456909	0.04141087085008621
0.7885595560073853	0.04110551252961159
0.7887877225875854	0.04079122096300125
0.7888851165771484	0.04050048813223839
0.7890027165412903	0.040194083005189896
0.7891719341278076	0.03983232006430626
0.7893545031547546	0.03960014879703522
0.7894344925880432	0.03931031376123428
0.7895809412002563	0.03894997760653496
0.7897345423698425	0.03862740099430084
0.7898741364479065	0.038384050130844116
0.7899845242500305	0.03806456923484802
0.7901375889778137	0.03779597207903862
0.7902418375015259	0.03744712471961975
0.7903990745544434	0.037139881402254105
0.7905198335647583	0.03685781732201576
0.7906687259674072	0.036552753299474716
0.7907771468162537	0.03626174479722977
0.7909397482872009	0.03596080094575882
0.7910552024841309	0.03564612939953804
0.7911918759346008	0.03534445911645889
0.7913368344306946	0.03509228676557541
0.7914810180664062	0.034773048013448715
0.7915626168251038	0.034446366131305695
0.7917232513427734	0.03417851775884628
0.7918204665184021	0.03387155383825302
0.7919696569442749	0.03357183560729027
0.7920997142791748	0.03332451730966568
0.7922443151473999	0.0329878069460392
0.7923682928085327	0.032664500176906586
0.7924985885620117	0.032427456229925156
0.7926015257835388	0.03213872015476227
0.7927160859107971	0.03182556852698326
0.7928968667984009	0.031534794718027115
0.793015718460083	0.03126787021756172
0.7931501865386963	0.0309542715549469
0.7932482957839966	0.03066612407565117
0.7933739423751831	0.03038846328854561
0.7934739589691162	0.03009195625782013
0.7936177253723145	0.02977571077644825
0.7937097549438477	0.029523232951760292
0.7938218712806702	0.02922678552567959
0.7939648628234863	0.02889310009777546
0.7940914630889893	0.02864978276193142
0.7941985130310059	0.028325695544481277
0.7943361401557922	0.028075654059648514
0.7944921255111694	0.02775009721517563
0.7945835590362549	0.02752893976867199
0.7947016954421997	0.02721581608057022
0.7948172688484192	0.026924600824713707
0.794913113117218	0.02666131779551506
0.7950390577316284	0.026362117379903793
0.7951661348342896	0.026057913899421692
0.795285165309906	0.025778699666261673
0.795405924320221	0.025532156229019165
0.7955038547515869	0.02524181455373764
0.7956604361534119	0.024942031130194664
0.7957439422607422	0.024658991023898125
0.795874297618866	0.02441367879509926
0.7960026264190674	0.02409750409424305
0.7961142659187317	0.023828020319342613
0.7962158918380737	0.023550454527139664
0.7963427901268005	0.02323882468044758
0.7964315414428711	0.022975284606218338
0.7965484857559204	0.022687798365950584
0.7966943383216858	0.022404151037335396
0.7967749834060669	0.022167978808283806
0.7968704700469971	0.02188960090279579
0.7969951629638672	0.02158399298787117
0.7971126437187195	0.02134392224252224
0.7972388863563538	0.021068837493658066
0.797359049320221	0.02079099789261818
0.7974482774734497	0.020527968183159828
0.7975903749465942	0.0202090572565794
0.7976306676864624	0.01993085816502571
0.79776531457901	0.019722865894436836
0.7979241609573364	0.01938914693892002
0.7980009913444519	0.01910911686718464
0.7980858683586121	0.018850330263376236
0.7982350587844849	0.018563009798526764
0.7982964515686035	0.018308240920305252
0.7984274625778198	0.018034998327493668
0.7985615134239197	0.017770959064364433
0.7985934615135193	0.017526522278785706
0.7987409234046936	0.01717863604426384
0.798866868019104	0.016943175345659256
0.7989328503608704	0.016658013686537743
0.7990244030952454	0.016357798129320145
0.799171507358551	0.016127916052937508
0.7992799282073975	0.015878893435001373
0.7993460893630981	0.015575888566672802
0.7994504570960999	0.015370464883744717
0.799553632736206	0.01508854515850544
0.7996796369552612	0.01478174515068531
0.7997806668281555	0.014498887583613396
0.7998812198638916	0.014268171973526478
0.7999494075775146	0.014018896967172623
0.8000843524932861	0.013742911629378796
0.8001788258552551	0.013491654768586159
0.8002728819847107	0.013223245739936829
0.8003584146499634	0.012956279329955578
0.800473690032959	0.012674587778747082
0.8005296587944031	0.01242042239755392
0.800667941570282	0.012151753529906273
0.800753653049469	0.011951453983783722
0.8008543252944946	0.011643225327134132
0.8009666204452515	0.011339917778968811
0.8010468482971191	0.011161492206156254
0.8011188507080078	0.010874519124627113
0.8012304306030273	0.010615057311952114
0.8013502359390259	0.01039004884660244
0.8014395833015442	0.010104824788868427
0.8015304803848267	0.009798391722142696
0.8016202449798584	0.009562823921442032
0.8017385601997375	0.009308063425123692
0.8018074035644531	0.009065905585885048
0.801889181137085	0.008829410187900066
0.8019665479660034	0.008556248620152473
0.8020738959312439	0.008287446573376656
0.8021883964538574	0.00802777148783207
0.8022701740264893	0.0078020645305514336
0.8023728728294373	0.007488486357033253
0.8024426102638245	0.0073231980204582214
0.8025457262992859	0.007034684997051954
0.8026781678199768	0.006732368841767311
0.8027632832527161	0.006513836793601513
0.8028275966644287	0.006272784899920225
0.8029518723487854	0.005970615427941084
0.8030191659927368	0.005725377704948187
0.8031209707260132	0.005476122256368399
0.8032100796699524	0.005238994024693966
0.8033421039581299	0.004983149468898773
0.8033506274223328	0.004730848595499992
0.8034570217132568	0.004464056342840195
0.8035761117935181	0.004235281143337488
0.8036510348320007	0.003957316745072603
0.8037343621253967	0.0037465605419129133
0.8038315773010254	0.0034373414237052202
0.8038944005966187	0.003208964830264449
0.8039950132369995	0.0029294935520738363
0.804069995880127	0.002732756780460477
0.8041571974754333	0.002470916137099266
0.8042572736740112	0.0022284523583948612
0.8043197393417358	0.0020078453235328197
0.8044447898864746	0.0017498520901426673
0.804522693157196	0.0015022073639556766
0.8045726418495178	0.001222930965013802
0.8046467304229736	0.0010212158085778356
0.8047681450843811	0.0007631919579580426
0.8048228621482849	0.0005319030024111271
0.8049327731132507	0.0002954948868136853
0.8049721121788025	4.4934859033674e-05
0.8050902485847473	-0.00018600431212689728
0.8051666021347046	-0.00042558927088975906
0.8052603602409363	-0.0006903358153067529
0.8053402304649353	-0.0009115457069128752
0.8054459095001221	-0.0012044464237987995
0.8055077791213989	-0.001390437362715602
0.805575430393219	-0.0017061843536794186
0.8056724667549133	-0.0019120881333947182
0.8057284355163574	-0.002176522044464946
0.8058207035064697	-0.0024263858795166016
0.8058888912200928	-0.0026590265333652496
0.805985152721405	-0.0028774873353540897
0.8060643076896667	-0.0031628008000552654
0.8060765266418457	-0.0033565741032361984
0.8062353730201721	-0.003605608595535159
0.8063315153121948	-0.003843225771561265
0.8063766956329346	-0.004116611555218697
0.8064802289009094	-0.004351174458861351
0.8065129518508911	-0.004550138488411903
0.8065962195396423	-0.004770830739289522
0.8066960573196411	-0.005055874586105347
0.8067522048950195	-0.005254557356238365
0.806837797164917	-0.005489492788910866
0.8068772554397583	-0.005724492482841015
0.8069696426391602	-0.0060330955311656
0.807040810585022	-0.0062118214555084705
0.8071329593658447	-0.00643577566370368
0.8071924448013306	-0.006701338104903698
0.8072755932807922	-0.006901293061673641
0.8073803782463074	-0.007181926164776087
0.8074504137039185	-0.007368044927716255
0.8074966669082642	-0.007616014219820499
0.8075894713401794	-0.007849804125726223
0.8076778054237366	-0.008070808835327625
0.8077060580253601	-0.00831649824976921
0.8077970147132874	-0.008518119342625141
0.8078790307044983	-0.008759599179029465
0.8079343438148499	-0.00898658949881792
0.8080258369445801	-0.009221025742590427
0.8081369400024414	-0.009454518556594849
0.8081665635108948	-0.009706983342766762
0.8081845045089722	-0.00992054957896471
0.8083354830741882	-0.010150478221476078
0.8083807229995728	-0.010364329442381859
0.8084392547607422	-0.010637686587870121
0.8085342645645142	-0.0108089130371809
0.8085886240005493	-0.011046743020415306
0.8086667656898499	-0.011298956349492073
0.808754563331604	-0.011560659855604172
0.8088312149047852	-0.01172841340303421
0.8088923692703247	-0.011950144544243813
0.8089436292648315	-0.012223727069795132
0.8089958429336548	-0.012412885203957558
0.809111475944519	-0.012636801227927208
0.8091719150543213	-0.012866612523794174
0.8092525005340576	-0.013081653974950314
0.8092942237854004	-0.013370241038501263
0.8093731999397278	-0.013556971214711666
0.8094344139099121	-0.013735721819102764
0.8094988465309143	-0.013979481533169746
0.8095584511756897	-0.014249356463551521
0.8096402883529663	-0.0144050233066082
0.8096798062324524	-0.014687305316329002
0.8097895979881287	-0.014900014735758305
0.8098669052124023	-0.01511810626834631
0.8098690509796143	-0.015374611131846905
0.8099671602249146	-0.015585916116833687
0.8100178837776184	-0.01578017696738243
0.8100884556770325	-0.015990449115633965
0.8101592063903809	-0.01625003106892109
0.8102028369903564	-0.016440190374851227
0.8103353977203369	-0.016640357673168182
0.8103809356689453	-0.01692686788737774
0.81041419506073	-0.01713044010102749
0.8105043172836304	-0.017327312380075455
0.8105593919754028	-0.01756986975669861
0.8106199502944946	-0.01773998700082302
0.8106824159622192	-0.017965542152523994
0.8107035160064697	-0.018206078559160233
0.8107835650444031	-0.0184299536049366
0.8108561038970947	-0.018626198172569275
0.81093829870224	-0.0188760943710804
0.8110356330871582	-0.01903635449707508
0.8110223412513733	-0.01928996853530407
0.811122715473175	-0.019492583349347115
0.8111613988876343	-0.019703006371855736
0.8112393021583557	-0.019931025803089142
0.8112799525260925	-0.020144134759902954
0.8113880157470703	-0.0203944630920887
0.8114193677902222	-0.020568478852510452
0.8114974498748779	-0.020784376189112663
0.811530590057373	-0.020999427884817123
0.8115582466125488	-0.021239157766103745
0.811678409576416	-0.02141859009861946
0.8117144107818604	-0.021635187789797783
0.8117809891700745	-0.02187102846801281
0.8118260502815247	-0.022120900452136993
0.8118689060211182	-0.02230481430888176
0.8120018243789673	-0.022500760853290558
0.8120263814926147	-0.02267611399292946
0.8120627403259277	-0.022929789498448372
0.8121694922447205	-0.02313297428190708
0.8121713399887085	-0.02335720881819725
0.8122557997703552	-0.02354687824845314
0.8123177289962769	-0.023784037679433823
0.8123518228530884	-0.02404119074344635
0.8124196529388428	-0.024221094325184822
0.812483549118042	-0.024389000609517097
0.8125277757644653	-0.024637527763843536
0.812626838684082	-0.024814341217279434
0.8126294016838074	-0.02503129281103611
0.8127176761627197	-0.025253556668758392
0.8127928972244263	-0.025381408631801605
0.8128427267074585	-0.02567049115896225
0.8128818869590759	-0.025896310806274414
0.8129581212997437	-0.026029476895928383
0.8130024671554565	-0.02627618797123432
0.8130406737327576	-0.026468273252248764
0.8131650686264038	-0.026635009795427322
0.8131647109985352	-0.026887230575084686
0.8131844401359558	-0.027093160897493362
0.8132890462875366	-0.02731771022081375
0.8133367300033569	-0.027535803616046906
0.8133752942085266	-0.027716398239135742
0.8134494423866272	-0.02791719324886799
0.8134555220603943	-0.028132330626249313
0.8135560750961304	-0.02833239734172821
0.8135926127433777	-0.028524935245513916
0.8136506676673889	-0.028801526874303818
0.8137136101722717	-0.02897447906434536
0.8137538433074951	-0.029109906405210495
0.8138144016265869	-0.029345137998461723
0.813870370388031	-0.029563864693045616
0.8139574527740479	-0.029788456857204437
0.8139720559120178	-0.02991834282875061
0.8139861822128296	-0.0301416777074337
0.8140629529953003	-0.03037298284471035
0.8141475319862366	-0.03054383210837841
0.8141775727272034	-0.03073449805378914
0.8142402768135071	-0.03092787228524685
0.8142776489257812	-0.031131066381931305
0.8143336772918701	-0.0313548743724823
0.8143967390060425	-0.031570423394441605
0.8144474029541016	-0.03175584599375725
0.8144958019256592	-0.03193496912717819
0.8145080804824829	-0.032167986035346985
0.8146019577980042	-0.032395314425230026
0.8146343231201172	-0.032531265169382095
0.8146828413009644	-0.032748691737651825
0.814700722694397	-0.03298183158040047
0.8147907257080078	-0.03311657905578613
0.8148478865623474	-0.03335554152727127
0.814873456954956	-0.033532436937093735
