v0 = 1544588785.8061907 +- 65.49699049651271 Hz
Q0 = 79319.59549130952 +- 530.5346343424153
k = 3.0403156652771424 +- 0.01185867003421211
