v0 = 501007173.6658888 +- 25.519506433590923 Hz
Q0 = 31740.956394949993 +- 5.387087528661388
k = 1.6290588084611113 +- 0.00018950610555234365
