v0 = 702509334.6426923 +- 44.35064936337187 Hz
Q0 = 11162.060182338462 +- 3.170686210067905
k = 1.4750535637792308 +- 0.0003219535600335862
