v0 = 505290118.7842 +- 18.832795265995408 Hz
Q0 = 32731.604719634994 +- 3.243943226036454
k = 2.3499615005099996 +- 0.0002725814611870145
