v0 = 1046948001.3959999 +- 27.795163712671595 Hz
Q0 = 28527.68884955333 +- 261.2563864775108
k = 1.2300780459626666 +- 0.009084758108025982
