v0 = 499531869.4439166 +- 76.82623138836772 Hz
Q0 = 28200.007748325002 +- 223.27751627590496
k = 1.0800996198841666 +- 0.0046548901634737554
