v0 = 712064294.9201852 +- 36.08215565102631 Hz
Q0 = 39682.272088040736 +- 29.94290770041678
k = 2.765355870321482 +- 0.0013586915865910164
