v0 = 1375423482.7711766 +- 92.44214461084329 Hz
Q0 = 59762.366257223526 +- 27.243424245662123
k = 1.9476510807229412 +- 0.0004387209114977453
