v0 = 730255943.1878666 +- 15.33097095211613 Hz
Q0 = 13927.380510293335 +- 5.620380950481074
k = 2.0007318000386665 +- 0.000992740402088471
