v0 = 1457911562.4944446 +- 703.4287264167243 Hz
Q0 = 7552.2458233572215 +- 24.01054655934769
k = 1.0536980312527777 +- 0.025924622693558184
